00100
00111
00110
01111
00110
01001
00110
01110
00010
00111
00010
00000
00110
00010
00110
00001
000110
000011
000110
001011
011010
000111
000100
010010
011010
000101
100110
011111
001110
000110
010001
010101
000101
011001
000000
001010
110000
010100
100101
000110
001000
100100
100001
010011
001101
000110
000101
011010
0000100
0001010
0010010
0011001
0000110
0101010
0010110
0000111
0000011
0011010
0011110
0010110
1000100
1001001
0000001
0111001
0000111
0011011
0000101
0011110
0110001
0110011
0011011
0001111
1000111
0100101
0000010
0001101
0000100
0100001
0001000
1000011
0001001
1011000
0100110
0010101
0101011
0111001
0110111
0110101
0000100
0110010
0000101
1010110
1100001
1001001
1011101
0010100
0100000
0100010
0111101
0010110
1001001
1010111
0000010
0100100
0100110
0001000
0111101
1001001
1010010
0010001
0110001
1001010
00100110
01100010
00100000
00110110
00010101
00010011
00010111
00000000
01000111
01100110
01100000
01101000
01010101
01010011
00000011
01000111
01110111
01100110
00111110
10000111
01101110
00110000
00011101
00001101
01001111
10000001
00100001
00001011
00110010
00000100
00101100
01010010
00001111
01011010
01000011
01010010
00011111
00001100
01100111
00000111
00001001
10011100
00011101
10010010
00110110
01111001
10010010
00000110
00101101
10101010
01001010
00100011
10000111
10000100
00000111
10101011
00010001
00101011
01001011
01001110
10010011
01110010
01101010
00001010
01000000
10110110
01101100
00011011
00100110
10000101
00011000
01011001
00011011
10101111
00010011
10100101
10100101
01010111
01111110
00111100
10111110
00000100
00001001
00011000
00000110
10010111
01010110
01110011
00011011
10111011
00000110
01000001
01010111
10010101
01001011
00110000
11010010
10000111
11000100
01101001
01111000
01111010
00011011
00100001
01010010
00001110
00110110
10010101
01110100
10101111
10010000
01011110
10110001
11010000
00000111
01000011
00011111
01110110
10110100
01000010
11101011
11001000
10110110
01110000
00001011
01101111
00101100
01111110
001101110
000011111
000010101
010000110
001001010
000101100
000000100
001001001
000010000
000011101
000011111
000110001
010100111
011110111
011101110
001000011
011011100
000101101
000110111
011101110
011100101
000011100
001101111
011111100
010101110
010100101
010111001
010111110
000110100
001111001
000010101
010100101
010101110
000110100
000111101
000011001
100001100
000011101
000010011
000010000
011010010
011110010
001001000
000011011
010100101
000010101
100010111
001001001
000101100
000001111
010011100
011100000
100010001
001010111
100000110
011100001
010001001
010001111
010000111
010000111
010110001
000010001
000101100
000101011
011000111
010001000
100111110
001110001
100011011
010001110
000101010
010100111
001001111
010010101
100001111
011111010
100000101
001110010
100110110
000011100
101000111
100101011
000010010
001001011
001111110
001111001
100000001
100100011
000000011
010011100
010111011
001010000
000000110
100011111
010101100
001000010
100001001
011101100
000011100
000011011
000111100
010111001
001100011
010000010
101011000
010111111
010111001
100110110
001011000
000011011
001100000
100001001
101011100
010011000
001001010
101101110
001000111
010011100
101100100
101000011
000100100
010110101
011111000
011110010
001010011
000100110
011111000
101001111
010110001
000011111
010011011
010111111
100000010
100010011
010101110
000000001
001010000
101011011
100011111
101110001
001110101
000111101
001101001
000100001
100000010
000100010
001110100
000011001
001001111
000101110
011010100
000000010
000001100
000100100
000010001
001111001
010100000
011111001
001010010
010011010
011111101
010110000
011100110
001010011
010101010
101110100
010111111
010001110
000110000
101101011
011100100
010101110
000011101
101110011
001111000
001101101
101011111
001000100
110100101
001101010
010100010
001011000
100101010
010001000
011101000
001000100
001101001
000101111
001001010
000111000
100110111
100011101
011111011
010011100
010111000
100010001
011011001
000100001
001100100
011110010
101001110
101010101
001001011
000100110
110001010
110111110
000110101
110110110
001101110
010001010
010011100
010101101
001111111
101001101
001001001
011001001
110010011
111001101
010010010
000000101
111000101
011010100
011010100
101010000
000000100
101000110
010101111
001100000
110110110
110010101
011111110
011100011
000110111
101001010
100001011
000110000
000000000
001001101
001001001
000011101
100011001
011111011
001001001
110011011
101011100
100010100
110000111
110101001
010010001
001111011
001000110
100001000
100000100
001110000
010101110
000010011
0101100010
0111110100
0110010000
0011101000
0100111001
0011010111
0101011110
0110010000
0100101001
0010011100
0011000101
0111011001
0110011001
0001010011
0010101000
0010111111
0010011110
0000010001
0100100010
0011110101
0001110000
0010100100
0101110000
0101101101
0011000111
0000011110
0100000111
1000001101
0001101001
0111100010
0010001000
0010001010
0000101000
0101111101
0010001000
0100011001
0011000110
0100101010
0000101101
0011110011
1000010001
0010101110
0111010111
0011110101
0101011110
0010101110
0000101100
0100000010
0010101100
0010010000
0000010101
0011001111
0010010000
0100100110
1000011011
0000110011
0101000101
0001101111
0011001011
0011101100
0010000110
1000101100
1000001100
0110000111
1000001110
0100000110
0001101111
0001111101
1000010010
1000001100
0000010101
1000001000
0110000011
0011010011
0011010101
0011111101
0101111000
0011110111
0111011000
0110100011
0001110010
0000000001
0100110010
0001001001
0011111100
0100110000
0011110010
0110000101
0111010110
0000110101
0000011000
0101000101
0100001110
0011110000
0100101111
0011111010
0000111100
0110100100
1001011010
1001010010
0000010001
1001001010
0100000010
0001101001
0110011010
0001110010
1000111100
0101111001
0110101111
0000111011
0100010100
0011011100
0000100101
0110111010
1001001101
1000101011
0111010000
1000011000
0111100011
0001001001
0000010001
0010000101
0110001101
0000110011
1001101011
0000010001
1000111010
0110100010
0111110110
0001110000
0110111101
1000011001
0000011011
0000001010
0101011011
0001111100
1000110100
1001010111
0000011011
0111010011
0000011111
0010001011
0000001100
0000000011
0000001001
0010100101
1001100001
0000100100
0110000000
1010000001
1001110001
0011011100
0011000110
0010101010
0001001101
0011010111
0011111101
0011101010
0001000011
0000001110
1000001001
0011010111
0000110100
0100101101
1000111001
1001010000
0000100010
0110100101
0000000100
0000111100
0001010111
1001011011
0101010001
0001010111
0010101111
0001010010
0111110111
0010101101
0010100010
0010101111
0110110000
0010101110
1010101001
0011000010
0001100110
1010000000
1010101111
0010011100
0000111010
0111011101
0110000110
0111001010
1001010011
0001001011
0000010011
0010011010
1000111011
1010001001
0001000100
0101010010
0001110101
1000001100
0000111110
0101111011
0100010100
0011110000
1000000101
0111000010
0010001010
0110100000
0001111110
1000101010
1001001100
0011011100
0111000001
0001001010
1000110011
0110100010
0111001001
0011111110
1000010010
0001101001
0010110001
0000100001
0000001100
0011000001
0110001111
1000101000
1010011010
0001111101
0110110100
0010001110
1011100010
1010101110
1001110001
1000000111
1001001011
0011011000
1010111111
0011110110
0010111001
0111100101
0110100001
1011000001
0001101111
0101111101
0110111001
0110000011
0001001011
0011001001
1000111110
0100100011
0110101100
0101011111
0001001001
0001000001
0000011111
1011000011
1000001011
1010001010
0001001010
0110011111
0010010101
0111100111
0010101101
1010010011
0101010010
0011001011
1011010001
0110001011
0011011110
0001010100
0110110011
0100100101
1010110011
1000011111
0011010110
0100000011
0001100010
0010001000
0110000111
1000111000
1100000110
0010111111
0000001101
0101010000
0100100010
0100011101
0001100001
1001101001
0111111101
0001001001
1001110110
0011011000
0101110101
0101010010
0011001111
0111111010
0110100011
1100011101
0100011001
0110001000
0011100111
0101100001
1100001001
0010100011
0010001000
0010000101
1011010110
0100110101
1010001001
0111100000
0010011101
0000000100
0011011001
0111111111
1001110111
0001000010
0011100100
0000010101
1000100101
0100011111
0111011101
0010000101
0110110010
0001011101
1010110010
0101001110
1100010011
1000000110
0100100011
1011110101
0011101000
1000110001
1010111101
1010100111
1001101111
0101001110
1100111011
0001010001
0111110100
0100100001
0011101000
1010010110
0011000001
1000010011
0101101111
1101000111
1011000110
1100110001
1000100101
0110000111
1010011001
1100000010
1100111001
0000101001
1010101000
0110001110
0010010001
0001001100
0101100011
0101010000
0010001000
0011111100
1001100110
0010111111
1101000001
0110000111
1010101110
1100100011
1000011000
1011010011
1100000010
0001100110
1001101101
0001010010
0101011101
1011100111
0111100111
0110011100
1000100010
0010111101
0001010000
1101110001
0010001011
1100010000
0101010010
0010000001
0111000010
0110011000
0110011000
0110011101
0111110001
0111001101
0111110110
0100101111
0001010011
0110101000
0001101111
0111011100
0000001100
0111100111
0010100011
1010000001
1001001011
0001111110
0110101100
0000110110
0010010100
1000000100
0110011011
1001010110
0100110111
1101111011
0010001110
0110010101
0000001101
1001100011
0110010110
0101101101
1000000101
0101111001
1001001110
1101011111
1001010000
1001010010
0000011011
1001010100
0001000010
0100001011
0110101010
1001011000
0101110011
1010101011
0010101100
1010110010
1000101101
1001011111
0100010101
0101001001
0101101000
0011010001
1001001001
1100100011
0000010110
0000110010
0000000010
0000001000
0000101001
1010100101
0111010000
0001110011
1110010101
0001100111
1110010011
0000110000
1000100101
1110011010
1110101101
0000100111
0010010011
0101111011
1000110010
0000000010
1001000000
1001010101
1111000100
1100000000
1010100110
0101000101
0100001111
0101000011
1100000111
0101001010
0001111100
0100010010
0011110110
1001101111
1000010011
0000100011
0000111100
0111110011
0100011111
0010011100
0011000100
1111000011
0101000000
0000011000
1101010110
1001111011
1010000011
0111011101
1001000110
0111101000
0101101011
1011011111
0000110101
0000000000
1100000111
0011100101
0000110110
0011110100
1101010100
1000100100
1001011000
0100101100
0110001000
1101010011
0101001110
1111010001
1011001001
1100111100
01100110101
01011101101
01001111110
01000111101
00110100010
01011000010
00101010010
00011101001
00110101000
01000000100
01110010110
00000100110
00001011101
00010101001
01101011000
01101001110
01100101110
00000011011
00101101111
01011111100
01111000111
00000100100
00110111000
01000100001
01000010011
01110010010
00001011101
00001001101
00001000011
01110100000
01000110111
00010000010
01010010100
00000111100
00110000100
01111000100
01100110001
01110001101
00000010101
00000101101
01101110111
00001100101
01001111001
01001000111
01111000000
01100001000
00011100110
01000100111
00100110011
00010001110
00100001001
01101101001
01101110111
00000100101
00011110011
01001101100
00111111010
01000100111
01011111100
01100110011
00010111111
00101010101
01000010001
10000100010
10000110111
00011101001
01010101110
00101010111
00101111100
00001101111
01101000011
00101101000
01010100010
01000110000
01111011100
01101011000
00110101111
01101011111
01010011010
01100101100
00010010110
01001100111
01101100110
01001101010
00100001101
10000000100
01010111101
00110010010
00110101000
01101010111
00101111010
01001110100
01101000111
01000000100
01001111000
00011011110
01101100101
00000010011
01000001010
00100001100
01111011101
00001101101
00110110100
00100001011
00110010101
01001111110
01110110110
00001100101
00101001001
00111100010
01111000011
00001100101
00101101010
01111001101
01111000110
01000000100
00101000010
01100101000
00101001110
00000011111
00000101101
10000010111
00001001001
00011001111
01000011100
00001101111
01110001101
10001110100
00100100010
10000010000
00001100001
00100001100
00111001100
01010110011
10001100001
00101110000
01110000110
00110001001
01001010000
00110110111
00010011100
00010110000
10000000110
01111100110
01110101100
10000011011
01010110000
00100010100
00101100100
00110110101
01100111100
00000011111
00011001111
00110110010
01000000011
00111111011
01111010011
01110010010
00111101111
01011001100
01100011101
10001111111
00100011011
01001101011
01111001100
01101010011
00110000001
01100101111
00010000111
10000010100
01110100011
00100000011
00011100111
01101001010
00101110010
01010011011
01011100010
00000011101
01111101111
10010101001
10001100011
00010110110
01001000101
00111110100
01110000110
10001101010
00011000011
00100100010
00001111000
01111010110
00010011110
01101100111
01011111101
10010111010
01110001101
00100000001
00011011110
01011110110
00000010000
10000000110
01001111010
01110111001
01001100100
01110111011
10001010011
10001100100
00011011000
01010110010
01001010001
01001001000
01110101010
01011000001
01110011011
10000000011
01100010010
00101010111
00101000000
10010111100
01001011101
00000011011
10000000111
00111011101
01001100001
01010100111
00100101000
01110100010
00011111101
00000110010
