4
7
6
15
6
9
6
14
2
7
2
0
6
2
6
2
12
6
12
22
52
14
8
36
52
11
12
62
28
12
34
42
10
50
0
21
32
41
10
12
17
9
2
38
26
12
10
104
16
40
72
100
25
40
88
28
12
104
120
90
18
36
5
100
28
108
20
121
69
76
108
62
29
20
8
52
17
4
34
12
38
97
24
85
45
101
93
84
17
72
22
91
6
38
116
81
1
9
116
90
38
92
9
17
24
33
118
38
72
69
70
81
51
17
1
176
168
152
184
2
59
51
3
66
170
152
26
59
187
49
244
59
113
128
232
106
124
9
8
89
144
33
98
144
122
210
26
144
248
99
56
56
76
224
236
145
179
204
144
49
109
82
81
28
60
32
61
88
137
90
90
116
155
147
80
82
5
179
96
217
52
40
194
200
221
120
157
45
42
187
241
229
240
32
72
192
52
186
179
152
221
216
50
10
188
170
89
134
148
62
35
75
195
208
217
10
144
113
180
171
165
124
130
245
142
128
58
24
251
181
162
23
94
69
179
128
91
121
99
483
224
496
340
98
161
192
66
144
256
464
497
277
119
375
226
54
449
209
375
231
80
451
247
453
229
85
405
481
323
400
341
85
225
321
464
408
192
464
304
262
295
290
128
437
80
344
370
145
192
244
455
8
274
376
103
20
148
244
116
117
272
273
193
182
116
137
483
280
436
225
165
114
244
344
247
424
83
297
352
458
121
176
290
179
483
408
25
48
52
453
434
256
104
501
194
40
151
192
448
433
453
403
52
42
389
501
409
354
384
435
8
154
452
386
171
226
116
459
74
49
69
343
391
290
305
103
394
245
272
500
437
504
40
309
224
18
266
440
507
275
337
467
145
24
33
35
320
402
241
230
320
32
193
64
275
405
7
402
292
423
469
263
98
309
171
325
500
225
267
183
69
224
475
307
387
218
498
77
83
165
34
393
164
135
130
67
145
242
161
393
376
471
436
453
392
278
401
19
71
298
234
338
177
108
173
481
349
355
228
164
453
211
506
210
150
156
318
212
288
94
86
326
330
256
74
101
243
13
364
343
487
49
378
168
177
256
2
210
144
472
407
434
156
442
456
332
125
148
275
434
104
136
67
261
224
619
79
652
519
265
806
746
972
521
292
902
174
812
802
613
261
996
960
553
71
675
517
139
523
422
224
968
240
419
303
68
260
321
267
932
264
806
201
321
423
624
549
462
743
682
965
449
392
69
388
512
678
484
521
208
865
618
163
486
359
388
209
400
396
240
456
195
483
944
592
384
688
268
102
614
679
939
775
750
781
99
576
41
578
295
905
519
588
174
705
672
778
168
455
521
487
833
909
146
850
576
562
328
67
300
835
593
907
813
481
872
646
897
173
850
433
366
528
783
98
288
548
172
417
627
352
561
845
79
707
525
944
800
864
330
867
913
658
736
878
608
996
352
384
96
293
179
33
140
20
51
550
902
197
322
422
743
935
322
96
464
294
737
649
433
818
513
77
160
129
898
754
874
546
741
482
591
741
421
69
493
517
469
294
67
212
21
484
897
846
940
206
338
610
352
612
849
884
290
138
579
688
385
971
872
647
528
174
68
333
3
977
338
390
910
34
337
621
78
295
976
579
293
545
32
390
44
497
276
835
941
644
471
85
467
560
242
358
789
999
709
815
173
54
35
491
941
812
98
358
305
969
109
394
994
290
32
1014
112
372
322
332
996
687
229
436
618
582
374
556
358
962
653
617
181
624
998
712
99
68
268
241
792
197
992
426
521
72
931
51
303
930
307
710
779
682
582
495
845
120
936
812
263
235
56
293
100
260
182
713
692
303
4
928
134
815
1011
738
71
128
689
168
1006
932
173
578
949
586
472
624
201
119
679
273
565
949
243
490
473
866
559
649
39
276
710
48
619
506
246
217
561
172
244
824
89
801
309
268
452
546
395
106
516
263
915
197
1018
44
245
473
112
790
632
67
211
418
586
951
239
236
913
69
930
539
548
376
522
580
46
76
780
780
943
558
431
713
482
621
259
494
896
399
229
116
50
355
973
385
708
656
140
882
713
763
868
460
672
435
108
715
432
171
818
474
1010
530
576
882
642
72
365
338
779
629
357
405
593
434
1000
682
299
262
562
313
96
705
576
64
257
309
174
515
636
675
252
609
529
188
861
417
228
619
881
576
82
18
702
152
21
202
168
490
120
234
323
904
583
723
496
609
97
911
616
996
902
158
106
0
794
723
884
110
946
207
267
374
993
672
24
231
161
711
666
657
146
777
396
282
618
478
566
313
1817
1367
851
1937
1869
150
138
1159
589
528
284
1409
386
1861
602
1562
921
896
1739
983
1822
449
269
1553
80
1244
1154
1858
834
221
17
1476
148
1281
1804
286
281
1116
832
1345
859
1475
339
1618
478
24
519
401
457
1220
904
603
603
1473
327
1235
783
1681
471
1817
1221
1994
1360
1121
161
1479
597
906
1483
1795
986
203
533
145
1054
1818
1549
986
2004
1689
772
1427
475
403
648
864
277
1868
1165
538
1483
1683
1306
464
275
1542
1947
320
1232
648
798
1859
845
1288
716
1363
1949
1411
330
591
158
195
331
670
862
400
266
153
522
896
1985
864
1474
582
976
1795
988
867
1289
160
1027
72
782
789
1251
75
1052
396
594
1037
1476
1797
1056
415
413
800
1749
1032
1291
269
1369
1792
1990
973
1168
207
1758
1244
1167
982
792
1891
1992
1747
734
794
1228
89
964
480
1309
200
199
474
651
1172
1751
128
1887
997
611
197
1426
335
1308
419
646
201
131
1566
1412
1947
471
1893
1692
840
70
1943
1408
1056
403
1693
1619
285
1762
1251
262
1557
1170
1106
541
662
92
1760
216
1162
1482
37
1810
1856
1760
462
1875
85
457
541
135
1857
258
