5
0
7
2
6
5
6
12
6
9
6
13
24
6
14
6
1
18
7
9
2
0
4
27
32
4
7
4
20
18
2
14
36
36
0
10
50
5
43
8
24
7
3
36
42
44
8
42
36
6
15
6
6
36
38
20
22
7
67
25
23
23
5
2
7
57
69
27
66
79
35
13
4
43
25
3
6
11
64
9
81
0
68
31
57
71
4
64
66
47
17
54
20
69
55
21
30
41
19
90
92
96
4
55
15
7
5
100
78
97
21
89
60
25
104
46
50
4
95
102
17
73
32
58
17
17
19
122
97
32
142
6
135
68
34
36
16
18
65
67
44
3
100
120
2
69
122
21
73
111
108
37
68
105
133
153
122
35
144
63
106
6
110
151
165
95
67
122
79
91
134
150
97
66
68
37
91
66
23
159
31
147
65
131
10
4
1
29
187
57
121
149
91
122
32
21
111
175
6
192
7
97
25
122
139
154
190
60
55
95
220
43
40
31
64
13
121
205
148
25
30
91
12
206
43
124
223
56
220
30
120
89
214
166
49
10
196
112
64
202
14
204
17
21
19
23
115
228
129
203
139
171
205
21
238
247
30
18
97
6
153
66
13
254
29
196
238
225
243
103
67
59
107
225
64
227
60
1
230
232
157
4
50
28
236
72
126
166
171
155
183
71
300
241
43
15
151
141
221
156
158
45
37
95
142
150
80
266
73
195
93
14
50
132
122
41
25
83
22
154
80
173
48
8
5
157
143
216
334
218
147
64
85
254
64
23
228
124
248
104
268
26
216
128
73
303
219
177
44
160
176
311
144
64
80
19
202
27
39
317
100
91
119
154
12
46
2
9
52
107
241
144
334
124
5
362
110
56
11
33
54
304
202
43
371
267
278
217
29
64
192
99
102
380
97
392
145
63
409
98
66
331
2
414
255
346
97
79
371
299
3
93
318
59
208
166
363
332
64
245
370
327
200
178
136
99
220
122
182
317
290
295
128
280
273
432
96
379
421
388
7
224
354
265
279
253
97
370
196
373
99
184
418
59
73
134
177
349
17
210
71
183
64
55
420
43
11
364
248
457
21
68
12
298
333
91
482
235
275
72
173
71
27
146
76
243
363
126
469
56
54
279
76
287
502
369
99
496
67
351
275
452
189
507
22
509
439
92
280
120
73
105
280
263
154
256
220
518
176
439
80
65
153
23
102
437
118
431
194
360
503
366
446
219
213
224
517
334
148
463
372
26
466
57
426
94
175
158
557
21
119
370
97
27
75
197
282
59
146
569
280
240
454
457
402
221
478
284
568
537
79
227
344
42
150
541
122
62
113
196
296
96
2
62
341
358
97
261
101
347
187
229
17
341
68
2
231
609
160
27
603
423
466
28
255
381
383
200
134
504
570
414
142
429
476
404
534
407
521
583
564
171
59
387
235
233
196
492
449
605
183
276
536
477
387
461
516
79
259
536
195
580
533
607
343
66
159
250
197
443
28
414
658
293
0
340
206
614
671
259
254
601
71
412
266
310
582
32
182
511
104
303
396
19
120
163
472
632
353
194
644
670
67
529
91
255
452
480
250
233
304
330
611
641
202
76
552
222
385
64
21
412
506
409
343
115
643
272
59
143
504
479
60
665
649
153
480
154
580
710
301
100
264
531
509
367
536
479
455
139
298
522
215
269
454
701
95
137
34
452
74
576
94
631
252
606
689
154
427
742
407
563
729
45
719
700
214
304
148
662
140
276
155
420
78
437
53
502
304
67
195
241
129
121
294
549
148
435
408
758
527
768
348
97
700
123
676
148
77
441
413
509
202
482
309
510
410
28
73
73
804
417
231
403
814
388
147
34
50
765
735
241
296
407
497
307
589
58
414
566
164
545
317
99
330
502
203
247
833
795
634
362
353
592
589
424
596
844
274
585
59
444
114
292
98
77
685
205
125
22
298
208
60
193
335
590
48
167
466
64
275
762
580
624
105
69
138
740
206
377
299
876
693
460
248
345
256
148
210
242
159
452
164
280
306
735
572
419
96
648
334
409
298
882
888
140
154
330
452
110
637
174
911
716
153
493
18
719
385
801
125
456
850
595
832
676
628
608
453
269
204
698
301
196
260
431
775
831
240
395
196
493
921
418
908
702
155
785
153
271
887
607
494
515
300
948
422
56
19
102
322
715
34
303
756
122
450
533
825
550
441
347
630
105
358
877
501
609
690
100
572
933
202
25
408
824
107
690
494
593
468
854
420
185
604
419
757
608
206
723
188
286
37
77
360
25
228
743
47
627
606
39
203
496
30
529
355
220
703
462
307
483
1021
459
488
251
493
237
239
886
972
232
365
537
526
199
52
192
875
618
810
392
241
898
508
719
1006
942
944
756
667
1007
607
674
610
13
1059
160
719
73
566
208
405
733
564
842
829
775
133
279
278
781
992
789
962
749
686
836
296
740
634
40
582
120
864
1009
157
853
100
901
1039
287
920
98
1048
432
484
434
198
440
493
353
973
288
904
324
538
421
536
626
663
797
504
145
26
560
650
454
953
365
765
277
967
182
631
16
281
166
340
783
423
204
1111
749
148
932
868
1104
647
157
86
705
762
272
426
298
653
562
470
223
726
733
285
30
827
1069
840
332
156
350
537
444
680
1143
185
806
1122
148
1129
269
638
154
662
27
1054
666
501
8
996
1142
15
1150
251
1024
652
1096
799
530
1010
1010
281
724
660
631
728
558
3
1121
252
1113
800
173
868
846
26
977
238
212
43
902
625
1155
274
206
508
926
218
951
651
21
818
589
173
298
815
805
867
853
1204
234
759
793
507
1142
836
924
1125
212
602
678
1094
842
629
398
899
205
220
95
482
1154
444
878
562
725
770
672
708
613
81
1
132
1124
605
496
835
790
1102
910
557
786
1176
988
459
17
218
807
523
810
741
1244
919
1067
910
655
1112
990
251
798
158
1271
377
846
230
585
303
885
901
59
1280
854
942
1117
1025
741
107
420
482
1091
1264
52
1138
553
1086
175
1074
1192
993
539
1068
804
145
103
232
135
542
372
358
310
631
4
748
395
889
135
242
389
41
21
570
306
1222
220
1267
1279
108
669
69
1152
297
251
80
935
0
290
1039
1199
788
730
577
679
1338
582
1304
1132
189
562
681
1288
689
968
710
611
557
138
1153
505
692
968
984
365
582
919
586
559
427
155
159
824
1362
838
876
28
165
41
323
363
367
363
683
431
324
899
977
486
1299
353
1119
353
237
1245
114
696
537
707
1288
867
1129
47
612
868
1098
546
841
1404
212
833
908
1002
1378
523
961
784
206
898
219
285
190
334
1082
708
387
818
483
546
69
137
149
1416
1175
409
70
115
743
1454
1366
670
400
812
202
1459
387
1451
640
296
1393
1418
838
406
575
723
880
37
915
1141
1304
1147
28
809
645
562
157
1244
640
944
146
148
411
395
904
1333
1240
1135
561
394
1241
44
278
719
1480
1301
906
824
596
1416
1483
258
265
343
603
892
1027
860
20
50
381
105
3
414
1301
1332
364
69
173
58
872
4
12
4
15
1533
38
133
4
14
1342
139
3
437
1519
1358
1545
1530
771
1220
564
1527
100
55
1017
1175
1476
1134
277
303
345
1365
1466
198
278
27
1159
837
1038
1474
578
1039
298
695
1005
980
71
1170
430
986
611
1377
727
756
1005
588
41
1214
941
838
245
1298
686
172
845
568
257
1037
801
1001
651
793
1101
1574
174
586
28
609
351
273
10
1208
403
1515
306
791
1298
1107
1199
885
1275
1455
1207
1078
691
995
428
440
1322
1205
946
520
387
1374
1419
957
261
589
1587
1411
1002
123
687
502
824
753
1489
257
558
774
1007
1340
504
195
1323
1476
170
234
702
1118
187
1320
1403
545
1441
446
858
1583
956
189
1650
714
1003
1285
307
996
1234
824
146
1356
334
529
1574
1671
890
153
1607
829
738
381
1545
443
392
1566
857
1527
1044
493
148
231
283
749
1442
463
525
1035
369
1098
734
415
1328
846
489
1471
54
1121
765
165
1307
505
561
1023
1359
1331
1358
414
594
95
1610
251
986
1538
1166
830
320
1038
235
294
1207
748
22
1715
1065
1026
1307
1661
1667
1354
357
1700
334
1442
640
785
938
1515
1119
75
1647
894
999
1584
146
1124
431
406
952
1736
440
1412
1401
295
1164
1599
454
617
921
1705
258
216
1711
1610
146
1326
1006
1442
797
606
275
1717
731
1631
1661
27
211
42
1203
1189
549
864
999
901
1137
841
1693
1526
1595
1269
754
188
897
44
1339
609
1296
650
824
342
926
1038
1013
454
658
1793
1184
1310
213
624
313
209
206
319
1164
368
1003
594
1444
584
195
1376
776
1416
960
1513
1642
1284
267
1422
213
1793
298
1396
1127
97
577
616
1027
1200
986
641
1817
1777
299
1611
1651
1834
706
1171
1234
1616
895
197
262
906
606
482
245
248
722
275
824
864
1089
388
79
914
766
532
952
1580
231
385
404
1621
279
91
1739
892
561
1491
813
1382
247
1823
547
1025
1419
1863
430
669
976
933
661
759
909
1661
771
47
1543
10
872
1920
670
1109
1252
452
1699
429
672
641
186
840
353
1348
720
641
193
1460
98
1302
1556
1154
506
1833
343
457
544
215
812
1872
414
514
1471
858
377
132
800
1372
223
647
966
1948
357
1578
1650
143
530
1367
904
157
1111
964
1121
1320
7
475
1222
1214
204
587
1510
1863
1671
1552
56
1358
1556
1500
353
225
298
1601
457
1574
600
79
313
283
961
299
634
289
1655
25
713
783
496
1353
64
1875
44
450
624
1001
23
83
233
519
414
1793
759
1767
1340
963
298
577
463
211
1184
1473
1642
1163
1107
838
246
1497
1523
1135
1182
856
364
606
1159
618
1858
1982
771
1903
305
71
1514
516
1168
1704
1119
1399
1780
154
1908
1199
1941
692
1550
1986
1135
431
435
450
289
1349
1384
795
356
1608
1038
1170
417
1784
1297
37
1017
30
727
1586
912
81
627
71
270
604
313
993
112
1151
1802
727
79
1167
676
139
133
576
619
759
283
1091
1268
1068
1838
1631
706
67
81
1564
458
465
306
1287
268
33
1633
576
452
1827
1114
1217
1497
1003
306
168
328
1919
1546
1546
1461
1900
1625
1868
1673
275
794
1420
928
1794
1399
1281
1980
1362
1659
1646
753
964
1689
1551
1399
967
593
304
1903
197
1704
1423
1425
1040
217
57
991
811
1938
1637
364
150
1064
1135
1642
727
792
154
940
353
333
861
217
1110
441
841
1140
1802
1429
81
1773
148
406
869
1427
85
1151
1866
251
1440
1064
1101
1814
957
444
450
566
646
266
1828
1195
984
1400
1614
1327
1634
973
999
1065
213
658
959
346
1655
695
66
1390
1087
693
866
1959
822
1887
222
1645
1526
27
753
251
646
1168
1478
108
1655
1170
19
609
1017
498
1219
829
1046
1764
505
606
668
1665
678
1748
151
771
19
400
54
1432
275
1489
524
1966
1655
324
875
777
402
1335
1299
1325
33
139
542
1912
764
1372
1335
912
1071
1346
151
1414
95
1724
1937
1851
1210
693
280
1067
1015
622
1691
1381
565
1132
414
435
1605
62
753
964
1689
151
1742
1087
1853
1143
1362
629
211
3
311
1564
1131
120
828
1427
603
1980
999
804
1897
933
1213
886
935
1023
1506
1188
647
1398
1297
366
536
1014
1927
587
461
895
1771
480
904
1965
130
632
984
1916
822
1887
1442
83
945
1839
1070
527
74
456
604
1612
285
1908
29
1677
44
857
1397
81
1556
1473
543
678
280
1998
202
1467
1512
1339
1982
1486
1181
219
1715
1473
1300
1245
577
1339
1965
130
1288
403
477
27
411
822
1202
11
1507
1161
1165
1912
1878
1036
1694
1273
653
72
753
19
394
220
1230
1379
1232
2
1265
1919
1917
36
1522
1779
0
1529
0
1542
298
973
885
95
608
875
777
402
1335
1602
31
1715
1473
431
457
1065
519
1370
1235
979
1982
1416
820
948
903
1252
1650
1508
56
1667
273
1611
494
1634
1265
1610
828
1115
1080
1637
1805
1641
32
753
964
1176
1794
1985
1530
1353
846
925
1045
519
414
959
822
91
1793
29
1203
973
1439
92
1722
754
266
864
1897
1778
0
298
1767
1680
1217
1868
911
1608
828
477
1564
448
546
1611
354
1004
728
33
1233
1020
1181
546
1611
1099
280
885
1440
1523
344
280
885
546
1611
664
100
394
58
541
1270
693
759
289
632
225
3
367
881
916
1864
1190
211
759
970
553
1810
1592
3
367
151
1742
1087
1853
1143
924
1269
1448
3
367
1352
1710
1244
1912
93
1265
251
1478
1764
1161
1591
916
772
1374
73
1399
1184
387
1760
887
1481
1277
1065
213
1933
1982
1645
1526
1773
1812
630
1569
815
761
1418
1433
1124
908
1359
181
108
1556
1508
1204
164
2
1351
37
1991
1777
1114
906
1068
355
577
1897
693
1210
422
1710
1273
849
594
1225
315
803
28
569
213
1108
1643
1729
1234
1203
695
471
1345
696
1004
664
375
1982
1505
417
1673
1617
222
738
664
375
753
146
566
847
1110
1181
414
1237
1003
1409
756
1067
541
1590
1986
783
496
231
1615
1905
213
1610
1615
174
244
1900
1183
1288
1645
1805
1910
1340
1647
120
1092
28
260
606
1916
1216
1623
213
937
500
921
298
1736
1655
1024
1340
916
1340
204
828
703
1564
557
1344
712
1209
1564
1377
1325
516
1794
58
1655
493
959
664
33
1023
906
1824
783
496
1473
1518
251
1851
1210
1244
779
1223
750
906
44
289
1260
594
1794
1399
1937
1429
203
1794
853
1889
524
945
1183
414
1286
1171
316
840
1183
1773
1339
1083
63
781
1976
1386
916
1340
606
1302
1511
30
471
780
872
782
749
414
1823
1725
912
1494
811
1434
526
1811
1606
856
963
589
211
1664
1273
1159
101
744
1441
991
811
458
1447
1379
1232
1664
387
1220
895
925
1983
95
608
802
928
202
1084
693
1210
632
471
1478
3
367
69
686
1287
1274
637
1556
1206
1184
1362
950
932
1999
1273
1896
850
34
1203
1767
563
1903
1101
1065
1165
1189
658
515
809
81
1986
642
431
735
83
233
460
1758
1217
1383
121
1880
821
138
108
1773
1339
577
979
1372
530
431
1827
248
412
1453
904
1362
1359
1704
527
1767
957
587
861
1773
803
1245
1167
1303
1418
846
171
1151
606
669
1198
1936
1612
1297
1865
1782
1210
1986
1135
431
289
584
202
470
214
1594
1719
1655
1009
1339
1683
83
233
279
184
943
1377
1569
577
1747
1822
1674
1080
1176
1212
449
604
1612
1967
226
476
343
1615
1828
1567
1397
81
1564
709
1640
1825
1698
252
1158
1967
220
804
966
770
1811
1967
3
1850
476
213
293
27
1406
948
1773
1899
1100
1115
1612
778
906
28
260
606
1325
1113
1362
1085
1768
728
769
758
222
1645
1805
1340
916
1099
795
1432
1220
242
1087
1828
494
1688
1556
1619
1219
1113
1362
1128
1805
1099
802
451
184
1826
1199
1683
463
919
1329
556
1345
248
620
1853
156
364
413
991
33
1622
451
442
927
1818
28
1793
1247
414
25
222
1394
1038
800
400
937
527
727
918
1199
1372
1099
1927
1860
603
546
1114
1217
957
1793
292
1944
754
999
1548
1880
777
1167
316
160
1556
1346
1675
909
44
857
606
1592
64
1875
1039
81
414
1793
1871
292
448
130
1172
1659
1489
931
303
898
43
577
1173
855
926
1694
1918
1921
1530
1353
1386
916
635
620
1604
359
1084
1655
522
944
1170
320
1168
1284
1630
1897
1349
690
1297
1853
397
557
1346
1171
1983
1249
1346
413
824
1975
1811
315
794
1837
233
715
280
1505
1515
1998
858
1649
222
981
701
843
1165
480
376
99
125
1594
1132
923
811
360
1095
1593
1784
1780
1134
202
1043
1940
1662
1657
1168
747
1101
486
715
821
1793
1247
812
848
357
1244
120
225
3
367
151
1987
1927
587
651
551
680
1866
1233
716
1272
1114
223
908
1088
906
1191
850
1004
92
1675
909
28
1442
1909
1478
557
1827
1868
1833
772
653
890
155
95
1183
440
1614
1216
288
29
1796
1433
1478
1300
821
342
3
746
635
1793
196
310
370
1773
1339
1987
629
804
725
1948
452
1956
60
77
1796
1640
725
1218
877
1303
530
664
1472
537
1586
196
164
685
1832
31
1507
821
342
1738
1274
1282
1689
69
577
725
1612
1611
1871
709
1247
1627
154
1587
480
1110
886
1399
473
1378
7
1610
1207
753
35
719
1782
484
1777
868
298
120
857
1680
677
1436
1486
1597
1887
1442
83
1004
859
1468
977
1012
604
1612
1209
319
1367
906
1262
28
240
1211
206
780
1530
1353
634
993
1065
991
811
720
772
1342
916
344
1832
1958
1440
106
1790
308
346
1773
1339
1623
994
2000
904
1612
108
1890
706
629
743
809
452
310
536
527
186
266
999
1065
57
1572
1482
543
1245
1167
1197
1006
979
1923
629
915
812
306
965
1885
716
346
1503
1811
519
1064
1448
856
1630
1014
724
280
1313
1168
110
1507
783
812
306
965
452
172
303
836
932
155
95
392
1339
1965
130
1273
1017
470
214
1927
594
716
1210
1080
1391
916
1101
1076
1530
324
856
501
1827
1340
52
313
988
1426
452
1767
4
1610
1717
949
1919
1917
36
1522
1779
0
1202
36
1542
1644
1803
1044
775
376
1410
552
979
1895
1410
712
1298
1344
904
1362
1118
664
64
1875
476
1377
577
725
1446
530
887
782
25
836
614
344
344
1164
1564
974
1747
289
1273
1592
1068
727
19
402
536
701
955
57
367
1889
443
352
445
1564
1340
916
635
1237
1833
822
1374
1545
581
1768
728
375
1987
2
1351
670
836
142
132
30
1011
494
1119
1909
1353
473
248
228
1119
202
1084
1784
1248
757
1064
1418
1317
1349
690
1097
400
1129
1503
1952
634
984
1916
454
575
1091
1085
933
211
298
134
3
367
151
1065
606
247
1339
1982
1052
375
1006
1634
533
782
165
1566
1092
476
1184
1965
130
1003
302
577
30
1858
146
430
181
1777
589
324
682
576
67
1219
57
298
973
999
238
1694
1725
71
1855
900
728
1156
840
1478
1085
422
232
1269
28
734
1068
66
1087
1064
1101
1814
811
1246
1977
1019
630
577
794
1809
36
1031
203
1167
975
289
1837
1250
496
1767
659
864
944
1508
619
1199
1726
1779
1904
78
154
491
99
753
173
102
678
484
3
367
151
1065
606
289
387
23
83
233
1128
364
823
1781
154
1152
1084
812
716
72
396
496
1374
1207
1941
692
659
762
1152
1084
812
716
72
396
1738
1418
1631
1999
1961
1502
802
629
1558
810
1163
1107
838
246
1135
866
731
7
1610
1622
1104
494
1309
1169
678
3
367
151
1065
204
1965
130
1349
1384
1696
33
1084
17
953
1011
494
1411
1658
911
1379
430
272
1526
1725
28
1339
1362
1470
1384
1641
23
1442
1174
1631
356
1814
957
1699
1929
248
1839
1195
617
1028
1014
1156
111
1696
33
1084
366
1317
632
1087
1349
690
1460
1383
1037
1507
451
1545
648
916
524
567
1713
1664
933
25
1065
213
658
959
147
3
367
151
1065
606
247
1339
1683
869
135
1131
646
1800
1278
1401
1317
1420
678
746
379
34
3
367
151
1065
606
247
1339
1671
41
706
116
220
1255
431
1827
659
867
1604
829
353
577
186
35
1773
774
536
527
617
246
1497
1784
69
251
120
182
3
15
1042
1037
71
986
1132
923
451
1924
244
537
1339
1941
1770
1634
1793
1204
948
1655
1024
1929
906
1359
1794
1818
1297
584
716
280
1998
1108
1662
1354
1935
33
496
533
1731
1119
1577
268
81
1064
1401
1408
248
1759
431
747
1418
1317
97
1237
462
731
863
1297
366
153
1793
1071
948
414
575
1323
403
1017
164
746
1300
99
450
1767
1864
1391
1004
859
1736
1051
1754
494
1427
1488
1104
1719
1172
1659
226
1959
899
346
1655
1353
1318
1812
464
1518
1031
1434
164
1184
164
1327
646
1578
837
266
430
1988
1913
906
573
56
857
1223
1821
248
716
459
1655
1827
583
1864
28
1017
164
1664
693
1816
449
731
863
939
1883
911
1013
1142
657
1057
603
182
1796
1640
1923
1720
1297
97
809
1978
1104
1719
387
508
1655
435
922
1156
111
1695
987
823
1610
1825
1329
496
372
1594
1864
1403
98
1827
581
1308
1777
1907
678
1156
1789
1694
1626
1099
494
1767
1611
1190
525
682
7
1610
496
202
1633
1371
1643
251
172
1772
1937
1678
1999
1904
1099
1327
1694
1321
265
890
1471
1887
1442
1926
602
1004
516
853
1661
1372
524
1848
678
1199
1372
1662
684
217
42
298
493
857
773
1318
1329
496
1718
324
1085
933
716
676
1721
911
1379
430
272
1526
1655
1933
1372
494
1402
909
659
174
1092
1026
836
1125
1362
489
447
792
630
1399
682
1663
1943
1778
184
108
1773
893
638
1597
1287
635
1353
473
1790
273
1004
744
904
1362
682
1663
1911
636
288
449
298
1767
1719
1655
320
999
944
1093
174
1092
1026
836
467
1905
1485
678
1262
1606
92
48
1564
1190
525
59
475
412
499
563
1903
1889
197
130
80
1812
821
725
1784
1990
1900
593
597
1564
197
1402
1237
864
30
251
120
1622
841
612
71
238
1167
1295
472
903
1721
1905
1250
424
923
1602
275
1121
1889
524
996
1661
1804
649
494
1402
909
31
1880
1231
1026
836
2
1203
435
1063
634
993
1065
1695
1446
629
1558
840
1992
1668
1057
669
1246
270
1675
1372
1661
1718
324
1085
933
716
676
1023
1955
1069
333
310
637
667
838
669
1335
99
176
1277
1014
1327
1038
669
1335
1177
92
1689
1695
1632
1234
1966
1273
1230
896
496
1189
127
828
1032
448
130
1784
1507
884
692
314
756
1232
1085
632
120
1287
1126
1165
25
1980
1891
1076
1530
1348
1748
1276
1337
1893
1632
1069
493
352
519
834
530
1299
202
940
16
1781
315
1799
859
940
1283
666
81
923
1098
710
81
1773
1339
1726
149
749
1028
739
1784
1128
364
1874
886
1339
1742
40
767
1567
1689
1551
1657
3
824
1975
728
676
220
231
21
1814
1910
1915
252
1359
1309
1143
1979
1764
1045
1664
1806
1641
23
487
1216
1623
1371
642
1861
800
932
221
1507
451
608
1675
400
79
475
1440
1015
1416
966
770
484
1177
1250
467
1773
1339
1742
1087
97
1237
1655
1189
909
1391
838
1406
1998
909
458
66
93
409
1889
991
1770
1624
1695
1321
280
1167
1494
1135
431
289
1321
265
28
1489
939
1883
1025
544
798
1999
632
1087
419
1068
1912
1390
146
1998
669
316
586
1441
298
1669
756
867
1038
130
933
551
1358
498
154
1119
135
1889
968
707
770
1161
1770
922
1695
97
1804
649
778
280
999
1427
617
66
570
1998
953
815
1389
48
1564
895
1438
177
298
686
1287
1452
154
1344
346
414
1610
302
115
1394
1033
496
1353
728
773
1675
1189
1610
302
73
374
843
1132
1858
1548
1200
893
1640
926
918
773
949
1610
1987
1720
1103
1402
1592
1156
741
470
1506
1919
1917
36
1522
1779
0
3
135
1542
1507
343
716
92
1591
916
267
1486
1576
60
1788
1873
35
414
1237
1904
1094
204
320
857
943
619
1873
35
1056
1442
1909
617
66
1344
1123
1360
923
1403
1334
622
1114
906
1689
1551
1657
532
1710
1784
1297
403
1333
1608
1835
295
1359
246
1035
712
1297
1006
1323
37
163
1808
448
701
266
1965
130
422
777
1344
147
298
25
1953
1460
777
1379
577
1339
1666
1805
1770
184
108
923
1662
1339
1362
629
211
1297
1595
1225
557
1346
1664
632
120
1287
772
1782
589
1614
452
235
991
841
319
478
1438
431
424
1483
27
566
847
1494
811
358
1831
556
989
81
1655
1590
1064
1803
1695
1308
1085
933
716
996
1661
324
676
1721
933
332
1843
16
1610
771
570
662
719
1416
1065
213
1762
1410
1297
584
1379
794
911
1212
557
1038
310
536
527
1488
1143
1683
1763
21
800
828
861
1001
695
275
1339
1987
991
1143
1982
1374
1011
1631
1378
233
1581
678
346
1986
33
211
1824
783
1207
400
1241
1327
964
1805
1550
1632
1713
629
1558
78
1773
1698
642
431
1849
251
1610
1225
1779
1218
877
1927
1604
1085
1672
874
414
603
1510
957
555
1251
1770
918
838
1767
607
70
32
496
1793
196
310
436
1530
1189
1087
854
319
233
949
1610
1923
629
896
1649
713
1602
956
289
1511
256
1673
138
760
148
165
993
1065
1689
1551
1339
310
884
783
1887
1159
1884
266
430
531
941
1057
378
435
1063
1880
1648
1606
1219
618
986
28
222
1362
1068
1558
1617
1442
620
1006
1323
926
828
202
940
283
392
1173
464
666
606
1767
1864
1680
757
923
811
360
255
52
146
531
1641
515
646
1233
775
78
1234
379
1944
81
667
317
1330
954
1606
760
1931
81
1655
1189
83
916
242
620
387
1050
758
1442
1610
791
1880
1846
28
984
1168
1845
913
955
273
1383
1037
682
1433
1488
1143
1982
291
614
660
1171
1383
1079
1662
684
1080
1674
1244
195
955
450
1827
1910
31
866
1418
842
33
1738
484
1177
334
374
828
477
414
1017
1878
273
1864
859
500
1615
962
120
289
1834
1868
1612
676
164
1664
1349
690
1689
151
385
991
1790
531
1381
1688
217
1658
97
809
1674
1006
1159
996
1661
1379
1994
1559
1418
1675
1851
1210
1420
484
1177
334
374
828
1363
1104
659
771
570
662
1030
1868
1828
1974
1830
267
1721
1865
1148
956
577
406
828
1688
1784
151
430
1159
248
1909
1024
1864
671
1333
90
1494
1104
1026
202
940
787
1418
1085
462
1098
437
1868
1080
874
217
63
1655
1353
1128
1674
632
289
440
1387
712
1057
1767
448
1823
1940
1662
1649
1751
1867
25
222
1473
941
1317
410
1004
116
3
298
668
629
716
1377
800
176
1277
527
195
1646
220
1903
1611
494
1634
1909
617
1912
1708
461
205
1439
1779
1853
1360
979
1683
577
491
559
367
151
1742
1087
1853
912
57
991
1662
1235
112
1900
30
186
496
556
993
1897
547
1064
71
25
1742
503
1893
584
716
1892
1594
1864
376
1132
1440
1784
1297
37
1566
216
10
782
791
464
943
3
367
69
1957
1362
2000
280
764
1683
1119
1505
272
71
1455
1451
1775
71
923
1602
116
1023
1018
242
1436
1683
1313
1887
1442
1823
1030
1099
248
1759
166
1973
313
277
1525
986
1868
1828
863
1576
60
1788
1873
496
84
44
1622
1662
1649
1323
410
1004
116
1252
1199
1825
1339
1604
448
1686
145
298
1468
859
308
3
367
151
1742
1402
1277
1897
1943
1414
1429
3
367
151
1854
1631
1550
632
1087
1940
71
1050
1209
1014
1088
648
1567
1297
1006
539
1507
678
1377
800
176
1277
739
584
32
496
195
1489
1616
279
1633
63
1564
1770
836
1694
693
1016
512
521
206
818
1460
358
165
1814
1550
1632
1713
996
133
746
99
684
1420
1687
100
937
828
1688
1784
64
1875
1360
1436
1825
1657
1657
1023
906
573
1900
593
1715
1825
148
1786
25
762
417
1090
123
298
289
1006
1159
1659
496
942
246
1497
933
646
1129
1235
527
231
21
1814
1864
1246
1903
536
32
337
1564
715
1381
1478
1594
659
410
754
999
1548
1327
36
251
1793
292
1944
754
999
1548
1176
66
1488
1664
17
970
370
923
1662
1657
1202
1390
1024
1294
1288
180
1567
1246
923
177
206
818
1720
1276
1251
101
1677
1418
757
1773
893
906
682
576
1968
1770
1139
573
1261
864
202
1814
537
1241
1884
266
1619
1219
664
45
498
1680
664
81
1773
1140
1518
251
406
1613
1247
1655
202
1467
1892
1695
387
238
753
289
1308
1085
933
716
676
1721
987
1181
662
627
1576
839
925
1340
1016
642
431
669
1198
1488
1441
1880
512
1861
1903
1391
838
1926
106
647
259
1883
1064
1135
1245
1168
915
1019
44
1694
911
32
1207
174
1092
1026
836
467
1943
1760
958
303
864
30
256
622
242
1087
1626
44
1694
812
1387
1821
286
1655
130
1273
406
892
731
33
35
1051
1231
1026
836
467
693
1962
71
238
1167
790
233
1276
871
1545
201
576
991
1135
431
289
387
1220
1864
1871
952
1448
280
1287
1999
1288
1970
1317
1080
589
1439
1199
174
25
1998
1189
146
1436
639
346
1986
1643
1188
772
1649
222
174
25
1998
289
918
153
727
608
1297
1837
233
724
280
1473
1391
945
202
940
1988
280
1951
90
448
130
632
1087
1288
41
324
298
195
1524
964
1519
1917
36
1522
1779
0
3
124
1542
991
1101
768
442
1071
1277
816
1197
1006
979
1440
1655
1353
1408
1777
343
1277
794
1358
1564
974
1339
470
906
1068
277
343
1412
1216
1942
505
3
367
151
385
1816
153
424
1159
1894
359
74
1227
1216
1942
765
1457
473
1434
979
146
430
181
1832
1274
1250
496
289
1828
1132
986
1378
33
1129
500
984
1431
251
406
531
28
1489
1777
242
1087
440
1160
1402
1387
1250
828
986
1099
344
44
684
1837
1250
1622
1104
1099
1297
313
661
213
668
906
715
1648
363
282
298
626
81
1773
1339
1825
1649
527
1590
387
1895
1418
1247
1192
620
1833
1274
280
345
1698
252
715
1071
649
1428
545
404
1655
202
1183
1351
812
525
866
841
306
1788
1873
1207
164
1068
1022
1900
527
1384
1641
238
1167
1085
918
954
1381
1688
1351
873
493
1801
35
1893
387
238
753
289
1308
1085
933
716
676
3
908
1248
1181
662
627
1576
839
925
581
1288
1742
869
362
1558
848
456
483
1577
431
1024
358
1614
279
319
1664
1273
1763
21
800
828
77
298
577
491
1689
69
1348
1910
1999
632
289
1627
1290
1675
411
1113
470
576
702
916
778
838
83
916
1575
665
826
1247
632
620
1105
576
57
1850
777
734
1859
153
880
593
1662
1657
1233
25
222
1362
1103
1307
1195
869
352
1297
670
1279
242
202
1970
678
759
374
579
382
1184
1043
1305
1609
1864
1274
233
1276
1337
910
1335
1069
333
310
916
1966
1288
475
717
1526
1179
1576
92
511
913
220
551
1023
60
83
863
1135
431
1087
933
21
406
112
746
1868
1218
877
1297
987
1181
896
1887
979
1683
1763
21
800
828
861
1655
535
288
280
394
220
522
617
919
924
1924
1173
963
233
1203
1353
1990
537
1812
198
1655
1767
357
21
1814
1864
1246
1903
536
32
496
1957
1683
1473
1274
528
72
417
1673
398
1209
319
1165
716
664
33
1252
759
1017
256
622
537
1241
2000
449
81
903
1339
1982
771
1903
448
1903
242
1087
1273
1325
664
33
220
1636
1586
1883
1003
1798
1576
1826
63
1655
1353
1644
1135
71
1763
1988
1380
909
242
1087
387
275
1489
682
1195
1574
320
864
352
571
204
91
1793
72
1339
1982
1908
676
1721
584
306
1505
892
1507
1630
544
1063
1695
933
566
1139
1103
525
1281
1510
1719
1612
1611
1748
1386
196
1339
1372
494
1402
130
1943
1742
735
1436
953
1011
494
340
764
1923
991
811
1862
74
737
1517
386
453
115
1617
1766
248
649
581
910
43
829
1440
1064
1401
682
1494
811
458
531
859
1897
1003
646
1129
626
1204
208
298
1822
108
1773
1812
1576
267
1977
496
1495
1925
108
1773
1235
30
514
206
165
1232
1616
1594
563
1903
1004
595
354
1004
859
940
1100
32
337
1564
1643
251
1916
1408
1637
1805
760
1969
1805
242
620
650
606
1592
715
72
1067
1655
703
1725
1418
149
1638
1251
1675
1926
1308
1861
130
632
289
440
743
1514
1879
1610
953
1011
494
78
1950
1299
1793
1113
1604
213
1108
811
1190
1024
1575
66
555
557
1903
581
670
313
120
756
577
308
1318
1339
753
226
731
536
979
725
144
1572
530
887
448
1903
196
324
1689
1551
148
771
1903
1999
174
1721
1911
1337
1784
605
1453
1057
1488
483
1212
664
1460
563
194
1408
589
1439
759
83
171
298
849
577
531
56
684
918
153
1763
1017
308
81
1655
1622
642
431
1827
242
1087
632
289
911
717
1664
1273
1416
1549
231
1615
1463
1663
141
1004
1507
1161
242
1998
603
1980
1923
3
1919
37
555
1002
1335
1193
944
828
546
4
749
21
828
1688
1305
375
1671
152
320
999
577
236
606
1108
1643
10
390
280
471
546
671
291
944
58
1940
1403
344
696
486
120
1011
494
353
798
530
166
170
885
1554
520
1655
940
1912
417
37
400
1586
1883
1612
132
202
952
1742
420
225
859
1917
872
782
566
1624
1695
1192
420
1237
176
749
1064
177
606
1827
536
909
61
929
1977
1622
1662
1339
1078
1287
709
494
16
251
1017
1020
494
646
1093
1671
43
829
1440
1051
1710
584
353
310
536
527
1933
1923
629
743
19
1293
1604
213
668
1156
735
1436
953
1011
494
78
1030
1716
759
246
1135
1110
1448
629
1634
310
536
527
1348
1434
526
28
756
430
1897
911
717
452
1767
1101
1065
1097
424
898
247
1440
1773
1812
1770
586
1432
1224
805
1207
1604
930
1612
511
1213
630
1523
1161
1871
1772
1937
251
869
1858
1604
930
1612
1044
1119
1232
48
1564
895
1438
692
133
866
1204
1237
176
749
1064
177
1978
451
1400
909
61
929
1977
9
1715
1976
1675
435
273
242
1087
1626
304
1548
1631
1132
923
1643
251
1170
19
609
1424
587
308
81
1893
632
493
427
1915
252
629
211
473
1585
60
861
1612
1981
811
863
1098
272
1223
454
83
359
1167
1156
1457
1151
71
1998
609
30
30
1776
1858
1828
1641
1613
1113
1372
1550
1511
112
1805
360
1756
1471
226
501
1679
1700
81
414
1697
884
604
584
1283
629
330
1432
1633
42
1519
1917
36
1522
1779
0
91
36
1542
1880
483
1763
1569
273
1864
343
717
1695
1853
28
794
1080
737
664
452
771
251
869
1998
1903
1862
1957
1683
1854
1771
1688
632
1087
217
1380
138
908
1068
378
115
241
320
1607
448
1584
1851
1210
1806
1327
1040
1511
30
1416
138
604
1218
146
971
1181
1773
148
127
1895
1707
886
1681
956
1610
302
73
1793
1247
437
484
1397
1057
556
1836
1340
925
1274
359
1167
1659
1168
522
120
857
1716
334
1569
450
989
678
1664
1273
463
919
1339
1742
826
746
28
612
71
23
168
872
1059
1814
659
1809
1605
1213
1471
1023
1433
1699
1859
1098
984
220
333
531
728
375
1633
1641
893
906
1737
405
1037
28
120
1170
417
1077
1803
1297
1105
1317
1172
1359
225
859
1897
933
1286
1156
1614
1386
573
453
816
1967
1924
1414
1189
653
334
11
1715
385
1816
576
71
1636
857
939
1883
414
1020
1070
1313
266
1818
666
712
1297
440
743
77
1715
924
1067
1064
1381
1183
387
1220
1864
766
577
112
1035
1712
412
1129
238
1887
1442
669
895
1771
1024
1131
228
202
1406
30
1011
1618
1900
593
1223
1629
993
112
81
834
71
238
864
1339
1957
1969
512
1616
1085
1806
1644
1182
1689
151
1941
692
537
1241
1616
1892
1176
306
727
608
1184
1813
1901
1602
516
1400
1628
792
537
1899
1429
1408
1674
1612
822
21
430
1793
842
1389
1151
1710
174
1347
855
584
78
1893
1446
883
19
1793
1071
546
1114
1217
252
1128
483
1608
828
1998
471
1814
1391
375
288
449
904
574
537
240
1689
1527
1572
1732
1283
1248
666
1044
195
1416
43
577
979
1908
81
1773
803
1868
1006
527
400
19
400
1633
452
406
1379
1399
1689
69
1237
819
524
1098
1574
1742
40
298
289
1308
154
794
1626
464
59
1975
1877
1085
918
1685
71
181
431
1909
566
617
662
1773
148
1739
1323
1834
1181
627
1300
154
1800
1631
1114
223
298
624
1564
1289
1139
846
606
1009
1698
249
1564
737
280
1287
1719
217
452
1353
504
749
923
1104
1099
1158
875
1426
576
495
509
306
612
1216
1942
1132
1030
1864
886
374
944
1887
713
811
1843
202
1287
530
543
154
43
1083
845
1655
1293
1782
563
527
1108
783
1287
242
921
81
923
1803
1824
1643
1610
1742
735
1436
953
1011
494
1100
909
905
23
1473
20
1715
1683
463
919
1173
1443
154
102
27
1645
1832
581
1288
1406
112
1526
231
1970
1317
1003
1679
272
298
1882
111
1675
1189
1767
1864
1114
1317
1321
280
430
186
1168
727
1812
536
32
345
1698
1844
1737
638
1597
1809
1067
923
655
1460
589
324
991
1135
431
1951
66
352
454
1488
1104
1748
795
1274
233
629
1322
1675
1398
744
904
313
66
1232
737
1193
1887
713
811
825
1883
1773
794
584
989
1712
120
1084
1784
1209
1708
1050
1158
1405
1790
651
378
416
604
911
1013
1142
1502
1165
25
1510
659
91
435
450
1945
1631
1999
1273
988
45
437
1520
36
1522
1779
0
91
36
1542
1519
1917
36
1522
1068
727
176
649
28
1528
2
3
135
151
88
8
4
124
1335
201
78
16
4
390
102
87
2
201
113
0
1542
328
1919
1546
1546
1626
705
1409
1129
893
629
551
586
1327
1125
41
324
795
1611
1748
285
539
866
558
926
102
498
196
922
1097
21
491
604
217
1258
576
1805
1748
931
1210
1773
1812
292
945
1427
1348
1335
99
125
109
1299
527
1024
1340
52
387
999
756
58
1556
1975
1637
1777
1864
494
1912
148
1170
417
1784
285
1323
37
1017
30
727
1586
198
1893
1853
1219
606
412
1666
604
1612
69
1566
216
200
1490
1391
954
1689
1551
1339
753
1887
527
669
1134
40
1037
197
32
1019
1900
1625
1999
37
577
430
498
1526
1655
231
21
1814
536
1914
496
127
800
911
66
1488
101
1816
1198
527
1325
153
30
1436
1825
1339
1683
1636
1586
1883
911
202
491
1811
1044
1073
1020
842
884
1282
975
398
1238
1782
822
1738
1630
816
1675
480
991
1662
792
1143
753
496
973
1782
484
1777
242
1087
911
515
1287
1289
1139
1441
305
769
509
1115
1273
1753
500
1704
961
70
686
291
35
1655
138
1712
120
1084
1349
993
1584
1916
1871
197
352
755
855
1288
639
1278
1868
918
528
72
247
1440
1784
1156
735
921
1519
1917
36
1522
1779
0
157
36
1542
1507
1425
1545
633
632
289
987
1550
37
1566
273
102
101
1391
954
1824
1803
248
1283
715
557
400
19
1390
130
693
963
856
537
1011
494
78
414
1827
1378
606
138
1644
71
1549
1141
499
829
546
242
1087
428
1950
855
1006
1159
1675
743
792
1104
28
1364
1664
1911
1359
66
948
1655
1348
1748
1298
1697
1659
3
1712
1249
241
725
1904
1246
75
1594
524
1327
1241
1086
1913
69
1020
842
884
1282
213
157
424
275
794
1080
248
1759
1642
1478
303
753
1721
854
1106
949
1292
154
225
728
647
1440
1911
636
288
1417
202
1633
213
1786
471
1992
956
406
30
1159
772
577
1339
1941
1901
1662
1173
464
1471
1887
1323
217
985
1868
1030
765
1457
1075
99
1031
449
495
1176
1325
1641
1698
108
1655
320
999
944
1168
566
1624
69
1566
273
102
101
1391
954
682
712
1165
352
1408
307
1229
1790
1342
1132
986
1274
524
1198
1636
1031
696
1864
149
362
1106
1251
1664
440
743
1514
876
1773
1339
1623
994
1594
242
289
584
40
728
375
1052
1609
453
1329
1020
842
884
1282
1826
452
435
450
231
21
1814
1099
1602
1570
477
1503
1811
69
1020
842
884
1282
1380
909
1497
462
397
213
195
25
470
528
865
1919
1564
1864
53
754
932
581
632
289
191
1648
1403
494
340
427
1889
1864
1843
202
1287
1716
916
1864
155
319
233
1359
716
421
201
636
1416
1916
1156
826
1644
1910
1481
732
503
1940
1135
431
935
1287
149
1634
1851
1210
37
1020
842
884
1282
213
247
1339
1078
1287
939
1299
25
470
528
1631
825
821
1793
1892
991
811
78
604
87
1793
1892
1696
33
1084
987
1873
496
984
1235
527
1916
912
1494
1104
494
181
1764
1662
1287
1981
811
1531
44
756
1012
252
3
367
881
576
1644
1135
431
1353
875
777
402
1731
701
1342
1877
1811
1824
1177
1675
247
1339
1825
1173
963
233
279
41
1847
1342
647
1440
1487
1637
1883
933
695
1089
638
1328
1850
585
1155
1051
1648
495
1165
1249
111
1216
1942
28
1447
896
577
148
406
19
940
78
1424
1333
1566
139
1889
1294
1308
1832
1864
1935
33
337
1564
1981
177
1959
950
1339
1982
1742
826
81
414
1767
1299
1489
1085
1853
982
1732
730
1742
111
846
1802
1614
1103
25
1065
715
524
1438
1901
1143
1953
92
254
746
558
1052
759
1851
1210
1273
1374
322
1575
134
3
367
69
435
450
1582
1861
1909
30
25
1065
1867
1909
291
35
1773
1812
448
1549
420
246
1497
97
30
25
1065
42
1850
453
544
470
1417
1762
1410
1616
1594
1731
971
1352
101
1391
954
1675
1614
1695
1321
1219
454
1225
1938
153
1390
1348
1748
1359
791
886
546
660
1337
1030
1719
1080
248
556
1411
1298
40
728
838
658
406
308
153
30
1793
1247
440
1478
166
1973
753
1168
1402
919
893
1640
1414
1794
1545
1070
701
1742
1344
1689
1551
1354
536
909
659
857
606
1342
98
1394
58
615
1177
1435
644
414
1020
150
419
856
364
606
291
19
1390
1189
127
91
1017
414
30
25
1065
1867
858
955
815
606
406
539
1432
651
885
1794
940
549
58
1655
496
1875
44
450
1590
1006
1159
1594
1864
1843
202
1067
1940
1381
1183
650
456
28
984
220
555
343
1159
72
139
1661
743
1354
316
1398
604
1806
1176
66
491
1811
1675
1189
686
986
1452
1418
994
1258
1779
1833
305
567
720
1576
1832
581
933
1757
1694
409
1889
1557
949
1610
1742
1614
1567
1303
1418
685
996
170
885
1554
520
770
1630
1329
1622
1104
1748
1641
23
487
676
139
1973
828
1912
1235
979
1683
575
43
1638
1664
144
298
594
1387
204
1508
476
1485
1770
1139
483
1998
1926
962
202
922
1937
1473
343
1756
696
1864
958
1177
1210
366
536
1119
1399
1297
97
435
1605
8
1644
1381
1183
1273
291
19
1875
315
1168
1704
1119
1399
1297
1911
1328
692
1889
1716
1846
1805
1999
1349
1384
1216
91
1333
402
1383
1079
1378
606
406
300
1212
664
991
1104
1443
197
164
1044
775
1864
280
25
1065
1867
1926
1853
1415
1551
885
1554
520
627
1300
1037
1844
795
1974
1830
916
1864
1575
115
78
1773
1747
1333
47
80
1140
1844
1143
1604
448
1686
1326
1940
1381
1183
1463
72
955
273
1859
358
139
1973
387
430
1339
1982
1508
476
930
1773
1339
174
1092
101
991
811
737
494
527
533
782
439
1335
1144
1641
1329
727
1995
1177
1278
1889
149
1634
1827
1443
763
604
366
1104
61
343
1430
56
684
1172
64
251
869
282
991
1135
108
1655
1788
945
1478
1158
1675
1851
1210
1273
1775
994
562
1490
625
576
1039
712
1297
670
1969
1299
102
87
74
1552
1527
280
1014
846
171
866
464
1300
884
692
305
33
1847
1339
400
289
923
1662
1657
1812
630
1793
1113
1372
1662
684
584
935
577
1339
1982
387
491
604
933
435
450
1189
115
16
251
1851
1210
1080
1391
916
1864
1770
847
1675
1348
44
857
754
1742
1614
715
72
1287
1864
458
272
678
821
1173
1144
213
1608
1622
1674
1612
484
156
991
1101
491
1594
957
727
964
1675
1379
1463
72
843
1276
545
1070
1897
409
1889
731
1340
375
898
412
513
855
584
78
1064
1803
1695
1865
653
1877
1737
1850
1177
213
202
1467
1512
1339
1683
1951
1488
1596
762
251
21
828
738
81
627
1576
839
925
67
777
580
727
964
1184
574
585
1641
1313
3
1519
1917
36
1522
1779
0
3
1183
0
1542
1507
364
1195
1287
1864
563
1091
1664
1806
977
661
930
440
1614
1594
957
83
233
1298
1700
1790
940
386
344
994
63
1986
1177
967
62
864
531
56
182
1432
651
251
869
1215
1562
1277
979
1623
994
1319
35
1051
839
737
1417
1592
1591
1070
1897
1904
536
228
1814
1864
1452
154
398
511
1608
932
299
991
811
1481
1794
794
1172
1386
874
1420
1418
576
712
1297
176
493
1312
1861
1230
1379
1232
1216
288
404
1655
1353
685
1158
949
623
1983
1554
520
770
1630
1329
496
1087
1244
1379
1335
1390
1333
47
80
1339
1362
1386
466
3
367
511
1634
32
753
513
777
580
1762
1410
1297
1853
1177
18
1187
1383
1037
1276
60
885
1427
762
246
702
916
1935
677
1436
1982
753
35
1556
1043
1006
169
1207
898
1897
1655
1019
1191
149
496
1468
448
236
42
1850
453
544
898
1339
1982
1508
476
930
632
1087
366
763
1616
1659
1646
753
964
1675
1933
1987
1675
310
1928
1638
1251
1184
836
1141
385
866
1428
343
1615
414
25
1442
1237
1273
885
1794
1453
233
795
459
1556
1813
692
822
1782
33
1738
928
1794
1399
2
1351
37
940
66
491
712
1151
1680
1877
1250
1092
1675
1237
812
984
1232
1675
130
864
471
1478
682
757
1773
1899
1614
1460
1340
916
957
1916
571
108
414
603
1510
31
866
1234
1883
1837
1195
1584
202
1633
1826
1913
740
557
160
1655
1087
632
289
812
1384
1664
1273
30
25
1065
1867
1108
811
1680
233
1722
606
189
991
811
905
21
93
923
1662
1339
475
717
1805
581
1288
310
536
979
313
120
1129
893
906
1484
148
944
867
1605
503
1655
1353
638
267
430
1515
1730
622
248
556
1283
473
100
333
394
496
603
1065
562
313
66
430
302
1998
1851
1210
1833
1443
370
1064
28
240
645
1181
955
922
1297
1853
1177
838
973
1742
1457
1507
1185
454
1752
1381
1776
986
537
864
1917
1530
1827
1403
750
1068
1769
1313
220
695
66
93
903
1252
1057
1827
648
916
1070
701
1173
855
693
1816
123
712
1297
776
259
344
214
1715
1043
414
1213
483
948
923
811
155
319
233
2000
696
1661
247
1339
753
1168
741
596
1225
1517
1107
1567
1432
527
138
472
498
537
1183
1612
1297
911
195
1296
1655
479
2
1351
632
993
1065
1319
35
834
229
903
1168
522
514
968
1436
1604
448
1414
1440
387
23
83
233
866
1401
1282
454
1823
903
1141
924
1287
441
783
1347
777
402
242
1087
1853
315
1835
968
1427
1170
417
1455
1406
83
33
424
8
3
367
1352
1710
1922
1643
200
157
1374
1092
604
1477
558
1052
1029
1460
782
439
671
1970
346
87
74
1552
3
367
1889
242
289
923
1803
1675
231
1615
97
1159
101
452
1141
1982
999
526
298
533
782
439
53
731
1779
1655
835
44
1694
1893
911
721
604
1806
1641
23
222
725
1172
1386
618
1998
1909
544
546
360
66
115
1100
471
1992
949
1610
1778
885
1427
130
1172
1327
864
1159
750
629
21
406
253
414
1488
483
788
1038
1333
662
1655
1827
1641
1225
604
1273
463
919
1329
940
202
491
52
1604
344
464
943
629
186
955
450
1767
782
1882
915
540
1530
1909
62
1398
773
1211
595
92
1044
202
1232
1097
306
1159
1113
1633
1433
1767
1340
963
1677
1039
1494
1143
864
183
1796
1433
320
738
346
419
1211
595
92
881
449
71
1056
190
88
1177
1210
1768
452
1782
448
1584
1909
762
66
1390
1767
31
1880
1219
1934
540
1530
1827
536
909
957
1159
1190
1402
377
1037
484
1796
1640
1982
1828
595
1497
1960
728
927
1339
753
1023
1709
1906
385
1151
1680
1877
1250
1092
1664
1853
618
1875
315
1233
1024
1864
905
1965
1998
1024
536
1277
1514
956
1024
1200
840
1183
27
526
441
1602
1879
1610
1987
1689
109
229
1621
1983
1554
520
414
231
913
1489
604
428
627
595
1435
1417
984
794
670
463
840
885
1427
1213
364
859
493
1793
1247
174
1339
385
1507
1900
527
533
782
439
53
731
1779
1351
37
83
1195
1584
130
1893
174
803
805
148
771
1903
1611
957
1902
629
896
1649
1442
603
1065
213
1237
997
1609
67
777
402
1864
197
66
491
81
1773
1899
1387
750
1044
1653
1299
527
157
1782
1435
1417
1767
1864
946
18
1796
1433
695
66
1878
273
232
1724
1507
99
450
669
205
470
449
1777
737
494
527
120
1694
1273
1333
775
1114
1217
659
1742
471
386
1630
1515
1436
1965
130
217
1867
937
1488
495
1677
44
1828
1641
1515
1998
669
859
1220
1481
1277
1065
213
251
1634
1822
243
1227
1927
313
32
35
1773
1339
924
1287
1289
964
904
1398
483
1159
829
8
1519
1564
151
1671
671
1809
1931
45
87
493
14
3
1919
1358
1564
1131
1931
317
1335
314
1583
1689
69
1765
155
235
3
367
1889
671
1809
1931
18
3
367
1889
78
829
1478
285
1569
984
1252
1199
1825
1354
343
717
1606
1219
874
1321
280
1566
457
130
923
1770
1624
1319
35
169
1353
1898
1720
473
458
465
130
97
1020
1550
1612
69
1020
842
884
1282
413
991
783
1738
512
1675
1024
1973
600
911
120
1287
242
289
670
926
1489
1386
916
635
620
864
575
555
1247
1218
877
846
637
1655
909
1340
1572
1900
1625
1443
763
604
1911
1359
433
1773
1339
1982
1244
202
1067
1950
855
1288
1902
108
414
695
66
809
147
1519
1917
36
1522
1779
0
3
1528
437
1974
1830
1811
715
524
1438
472
1773
1339
1683
247
1608
403
291
577
803
505
60
861
1627
154
577
527
566
847
1898
1641
23
1442
695
66
809
750
452
25
1751
42
1712
25
1065
975
1429
1408
1674
1192
717
604
812
1614
875
777
402
1864
33
1343
1278
581
1911
1550
422
1037
1247
1853
243
928
90
1867
1189
909
1340
1507
1114
449
1777
737
494
527
743
893
1176
120
857
1227
1262
928
721
1674
1911
1337
1784
405
397
92
1085
217
1171
1973
1623
994
1371
1662
1899
1614
1644
1910
1864
1567
204
1486
537
1173
855
1192
1492
1545
1443
197
470
449
81
1773
1339
1683
320
1084
1784
1176
716
1068
1669
1174
1689
1551
1339
753
1023
824
475
1794
1125
215
586
1664
911
515
1287
1889
957
1451
940
78
1793
576
604
1006
1323
812
984
1067
1056
1159
629
989
303
387
238
999
1427
909
1719
440
1614
1675
480
1572
678
280
1998
120
1694
987
571
871
1545
1656
1927
1333
416
1158
473
1983
412
1545
1517
716
92
1068
195
1566
1063
1156
1614
1318
1339
577
1447
791
206
984
3
1644
886
1329
162
777
1033
989
1966
97
809
1332
1197
1545
659
1970
925
1770
1230
1436
1310
759
1718
1827
1871
750
1709
1906
1052
317
1131
475
380
322
991
537
1092
604
799
1790
275
540
1530
162
777
1033
989
1966
414
1804
646
1891
1313
1233
289
1833
557
25
1065
1227
1176
1325
1246
1897
17
251
1965
62
319
1085
650
823
251
1592
845
1179
1177
33
1093
1941
692
451
1347
476
213
130
1273
378
1125
1975
1811
495
740
805
955
450
1348
1099
346
1655
1767
6
1610
302
470
449
298
1108
1662
1339
577
1447
791
206
984
1400
1697
1068
1095
546
4
162
777
1033
989
1966
770
512
1223
285
1323
136
920
728
445
1564
581
440
1066
1518
1610
1970
116
139
1973
1809
1092
315
1168
522
686
986
354
358
496
849
587
1897
1358
1564
1898
1298
808
1811
692
957
374
79
1129
500
984
226
28
952
1614
280
1067
1030
1716
1340
375
1623
1165
1912
809
233
1327
1634
1087
217
213
1851
1210
1833
958
1231
625
576
1191
1716
916
1864
67
1144
1826
951
1549
104
991
811
1713
737
664
1675
775
1716
1340
375
1623
285
184
364
837
1084
217
213
1851
1210
632
1087
987
1983
1313
1400
1697
1096
1064
1135
1518
1610
1683
1851
233
1720
1158
977
246
1382
999
944
1233
1189
973
1742
1457
1297
1105
994
1319
1364
1217
583
1864
530
495
1229
1680
7
1031
1526
1986
33
211
715
524
1438
472
923
1770
1624
1319
35
903
1168
551
266
174
1092
196
164
285
1895
1597
1490
1085
1806
1298
1697
48
1564
453
1747
940
202
491
1377
1009
1586
1526
923
1770
241
1782
563
1566
1084
440
749
380
1556
1346
1824
783
1287
44
1346
931
303
470
576
1039
81
1773
1339
1923
1151
154
417
1784
1298
1106
1720
1297
812
984
1067
1940
1662
893
1176
186
1622
783
496
247
43
47
80
1812
1425
1545
232
1545
1864
484
886
394
1023
1640
385
866
1790
30
30
1346
634
993
1065
1675
1024
1958
1152
1084
1612
473
1585
60
861
1487
1247
812
1614
1460
1340
637
1655
1353
1898
1884
1168
661
1572
829
1283
1298
808
431
751
758
1226
1374
1129
1793
842
452
435
18
1986
811
1004
56
857
925
635
1667
283
392
1335
764
1683
1947
315
1333
1159
298
289
1006
1014
1460
1864
484
1984
1110
1448
1068
717
604
1784
1057
1909
575
500
1688
1349
1387
951
324
1689
312
1177
317
1531
99
1188
33
219
991
1135
108
1523
1662
1586
483
1998
551
1168
1794
1942
196
1467
1512
1339
1683
1994
207
1142
1159
1044
942
551
266
403
500
525
1675
1024
1983
808
1035
298
1669
1442
551
1168
40
728
33
1400
471
1183
1948
1968
451
857
1035
81
834
431
575
1065
562
602
1438
1197
1545
1709
1942
1415
1110
1381
1183
313
202
966
1030
1868
776
1634
1909
215
19
1423
458
1735
1071
1402
551
220
83
1328
472
1773
1339
1976
1318
1339
1316
1323
97
1237
97
809
44
1545
1713
1780
1200
1447
791
206
984
139
4
162
777
1033
989
1966
1655
162
777
1033
989
1966
1351
987
754
1887
1323
37
127
1167
1675
1767
451
266
1490
629
570
809
29
1644
731
677
649
1889
598
811
1403
750
573
101
664
838
1592
279
275
1646
753
964
81
1207
1052
472
1051
1177
472
1351
670
1742
1087
1833
155
1106
875
1144
1227
1990
1900
593
1203
1270
37
195
1688
1025
1636
1586
364
1389
1156
1087
97
435
1605
1478
759
603
1065
930
1351
1008
1811
1209
402
859
23
1390
1108
841
319
298
195
891
859
1260
1225
636
1038
1414
1163
1440
1784
1128
483
1608
828
1998
406
531
364
360
228
195
1346
1203
1255
431
1903
1864
1575
181
1181
691
16
251
1822
642
1861
1926
1809
1040
1003
1225
636
1125
1941
692
1748
1327
1040
1321
281
81
1655
1353
1156
1087
632
493
394
139
1531
99
1188
33
219
3
367
69
1916
1386
1644
618
580
551
220
260
206
353
1820
1399
1268
1088
553
1777
1340
1210
1778
1545
1981
811
1190
1189
435
1605
1478
759
603
1065
832
3
367
151
1316
539
1990
537
1329
1608
1188
33
1440
313
1012
1805
1099
1594
1059
374
594
669
242
620
812
1614
3
367
151
1316
1323
812
353
1237
997
375
400
1241
1165
32
1269
28
13
298
310
536
527
804
272
1958
1154
1287
1369
696
1864
344
1407
1784
1297
926
475
228
159
1715
1560
1184
218
1519
1917
36
1522
1779
0
3
1
3
1545
1542
1229
154
1399
2
1351
1308
1359
1704
979
1957
1683
970
33
1207
217
1826
832
71
23
487
1594
1299
1489
1085
97
809
44
1545
1713
2000
755
1144
1795
367
69
435
922
991
1662
1329
1608
1188
33
1440
933
566
1139
1165
1504
928
732
546
1340
916
1966
1273
1994
207
1142
1159
1408
1391
916
1864
197
661
838
189
132
127
1167
1824
451
1924
220
83
916
655
576
483
1788
1631
242
620
632
1087
650
758
430
1734
887
1983
1628
1140
431
333
786
1113
1372
530
941
67
991
811
70
193
884
248
882
1556
1976
69
127
1167
1367
1962
71
23
487
1386
740
1104
588
1167
1165
25
1510
607
1335
7
1188
838
1767
252
758
1287
343
735
202
208
1712
1249
1617
1442
1851
7
251
111
629
25
1065
81
1773
1140
71
1998
669
1575
362
989
943
1664
1943
577
1447
900
280
1287
563
999
913
35
834
941
280
282
298
1726
280
394
1168
535
944
403
1339
1364
33
1887
1442
896
1463
459
1655
1353
1103
1402
83
916
581
632
289
962
1212
98
1734
1861
435
922
504
1411
171
1229
154
1998
293
231
1742
735
948
1773
1339
1987
1720
1176
804
892
606
1108
1662
1339
1976
1085
1321
1550
1655
1009
1339
1440
933
157
1462
1642
110
298
115
1932
777
657
1037
875
1144
1200
1173
476
1867
1024
1641
1100
727
1812
585
213
668
1176
515
1287
242
289
670
1486
1713
1805
1378
823
1292
108
437
1520
36
1522
1779
0
3
1
3
1545
1542
1519
1917
36
1522
1068
727
176
649
28
25
1528
1
3
135
151
88
8
4
389
3
16
1533
390
53
4
390
614
1537
1539
1521
1918
1921
1530
1213
483
1436
1825
554
939
1883
1793
576
604
670
1486
1713
1526
87
493
1014
1470
690
1044
993
461
1383
1597
1963
1751
1913
625
664
1675
544
922
1927
594
202
820
1514
956
1213
33
1207
1941
692
453
102
27
698
1983
738
101
1644
1630
531
354
930
719
574
886
955
972
1407
1784
1297
422
1219
536
1119
394
1887
222
1473
1764
530
664
557
1159
1821
1317
799
1790
275
540
1530
130
1006
1159
1507
28
240
478
1004
956
669
1567
606
1608
19
164
285
75
1445
1630
1515
1436
1043
632
195
993
1742
986
1099
100
333
809
346
1773
148
1786
1207
753
622
664
778
248
503
923
1662
1235
979
1982
1789
475
1839
772
1374
1092
1377
603
1065
930
422
1802
457
1814
1383
1079
1195
971
604
217
1867
1827
536
138
298
686
986
149
496
247
603
898
1897
1865
126
606
1189
669
123
1426
712
1927
225
1200
374
843
856
501
186
1168
1402
624
1773
148
800
1762
1219
298
640
1975
33
496
1108
811
899
1900
55
1374
467
923
1662
1339
1362
1068
1628
893
1018
1659
496
412
1666
431
1087
650
724
576
364
709
576
1035
298
658
186
266
1778
1995
537
1067
1476
356
1814
1004
595
354
1004
859
940
353
374
1092
1832
581
933
743
944
1023
1640
1505
310
80
81
923
1662
893
42
1850
963
233
1303
1418
519
83
233
634
993
1065
1485
1161
1075
98
471
1394
266
1362
1417
717
243
1867
1767
1864
448
1903
581
910
1731
971
329
449
1680
1433
743
966
834
196
148
1398
1245
1763
546
1611
664
344
899
829
1413
1403
537
220
320
1941
484
604
1655
1353
1268
1359
1488
1441
489
884
692
1868
864
1119
1566
1084
1321
1071
1225
1843
1028
1014
1937
1370
1339
320
864
352
1113
1006
112
483
921
81
1773
148
1798
1576
619
1873
496
85
991
177
1959
1861
1882
111
1297
1487
1637
1883
1105
576
1191
1425
753
964
1494
811
1938
1877
1664
1273
1213
33
35
1503
1418
802
1165
1379
1747
1473
1844
1297
1321
280
1033
362
1688
632
1087
1003
21
1814
252
758
1364
1675
835
44
1694
1105
1317
414
575
1065
213
1237
1080
1432
270
335
1811
1497
1511
256
753
617
701
577
540
1530
1353
1156
1087
1837
233
638
232
1728
821
893
1433
406
30
953
1398
604
1349
690
1659
1721
1244
1444
1030
344
557
1734
1184
1809
1605
1213
1471
1233
940
202
491
1298
1379
1887
222
1473
1811
1602
956
566
857
1861
1767
1340
1519
1917
36
1522
1779
0
3
1
3
669
1542
866
943
916
581
1288
403
596
1614
1327
1694
534
706
1211
206
78
1725
28
1502
1176
646
864
112
1606
1219
874
1487
1250
1347
1443
1687
1417
1767
31
1990
464
71
1313
266
1560
233
1689
881
977
66
814
150
770
335
516
35
1260
1975
60
377
1647
90
589
1614
1097
653
495
1675
165
993
1065
1085
1853
920
1663
144
1990
364
360
984
220
1017
527
127
1508
929
577
540
872
5
1976
1659
1168
1478
431
669
316
586
1664
1612
664
155
947
728
1675
743
23
68
374
1586
1630
1159
346
1030
1004
28
1017
470
528
1517
827
672
344
557
186
496
202
1633
1826
1371
1662
1173
946
538
1787
647
251
787
1418
1085
217
1171
448
1220
1383
121
298
1752
379
1004
292
1098
1858
1333
66
1390
620
1006
1012
1216
1942
1383
1597
1963
713
1104
155
1697
1327
1906
1742
1087
632
1087
584
412
1129
500
984
3
1880
1630
1515
1998
1793
760
540
1530
1718
1189
420
130
1833
1452
1900
995
1015
707
1001
1608
1233
577
867
176
181
431
989
678
1652
1219
454
291
586
1470
690
521
647
1624
1689
1889
1656
1884
1168
439
102
1680
1877
151
1908
1594
957
575
43
30
25
1065
213
1451
861
880
1564
1656
1884
1168
535
165
1020
589
900
865
251
1473
1938
213
1108
811
1391
1037
638
1707
1196
1090
830
1213
81
880
1564
1656
1884
1721
962
1608
828
1427
1492
506
880
1564
1656
1884
1721
1477
1808
483
1374
1782
29
1644
1862
1489
629
430
1159
1689
1889
1656
1884
1168
522
617
716
1435
644
231
725
1784
1297
403
1067
498
1418
1640
1508
678
1210
1784
151
1902
108
1655
1353
802
1572
805
893
906
846
925
778
280
999
1440
1349
345
539
604
1904
242
1087
1006
1159
1176
896
577
1515
984
266
1473
1811
1602
956
1767
1340
1880
1606
589
1614
1884
220
575
1399
63
1986
1662
1649
308
1044
993
651
984
794
1172
519
923
811
267
1084
440
1614
1176
515
1736
1655
1353
1927
310
216
1187
197
66
1440
217
213
1237
1080
874
1833
778
1862
1339
320
430
498
1680
280
1287
1611
957
470
494
701
843
1696
1552
3
367
1128
1674
1273
463
919
1747
1009
756
1012
252
1367
1962
71
23
214
367
1527
759
937
1084
923
811
1648
243
63
1960
664
737
494
979
430
1225
604
632
225
3
1919
1833
155
493
1839
1340
585
823
251
1822
606
1704
1014
1276
945
986
1938
1641
1339
1965
130
1273
202
814
304
1645
604
1809
1612
28
1022
1664
584
751
279
898
1339
1818
563
531
1644
1381
1183
440
378
402
1915
1193
857
1641
1339
1965
130
1420
672
6
251
21
1084
1986
811
720
772
1342
916
267
1828
1641
892
1658
191
99
125
611
542
195
1566
36
1031
1913
1706
1782
550
1597
1416
1916
20
1715
1683
743
23
68
27
953
1398
1448
1629
551
1545
905
270
483
1436
1987
1216
1942
505
1494
177
706
298
127
91
1017
1515
816
1298
1379
1399
519
1592
856
501
25
940
340
1390
1189
620
926
727
1486
1856
577
1339
1742
826
1184
1778
1995
537
1760
887
1907
1575
921
866
821
620
1809
1694
1273
157
424
275
794
217
452
1767
1864
1026
656
1471
1023
772
1649
1751
357
387
1514
956
579
1641
23
222
1965
130
693
991
177
706
1298
1379
102
27
411
822
58
1986
811
537
911
120
1170
240
1118
906
1664
632
289
864
892
33
1207
753
220
62
165
450
1302
1809
1694
1105
1217
31
746
1245
1891
30
283
1183
1604
731
606
1822
1193
1508
1471
220
1033
654
1023
1640
1486
1415
81
1556
1473
303
836
1141
288
1877
495
629
1906
1941
177
1229
1585
728
1098
1682
476
1217
267
430
498
344
1417
181
585
204
800
322
1203
246
1135
1110
1448
1097
486
1200
1339
1941
692
523
793
712
746
206
1017
527
743
319
1796
1433
1592
1659
266
999
491
1883
612
1662
864
794
1105
1217
659
698
233
682
576
1883
1003
1439
720
696
647
1398
1165
25
809
991
811
1641
73
1793
1247
584
1249
1988
1199
1683
1566
18
465
1704
527
555
1251
1268
473
1443
644
374
19
1793
454
83
648
45
1556
1362
629
62
302
1489
101
950
266
1362
511
32
251
503
1773
1339
1406
112
1448
1113
1742
1087
1837
1512
1835
295
1068
420
30
25
424
1773
1812
99
937
164
1068
1628
148
1718
1582
1518
1355
530
431
1909
1364
1155
27
727
79
1167
448
1574
1941
1382
1813
692
957
743
491
1705
834
585
1098
275
25
1998
332
1843
1225
943
1689
82
56
392
1339
1941
177
991
783
1287
648
916
33
791
606
869
1339
1742
735
1998
959
248
1440
1172
682
33
1052
1278
1132
1015
762
809
1913
1433
577
1763
1793
346
781
1473
303
836
1141
828
195
345
1339
898
32
1006
739
1940
1381
1183
632
289
1006
308
1165
1836
1680
280
1067
414
435
273
1114
553
495
715
334
1374
898
1291
155
25
275
417
1349
1387
951
324
1359
989
69
1020
242
620
670
1969
1630
527
643
1549
756
275
577
111
1156
826
452
320
41
1439
1913
1927
212
1953
431
1189
1265
1610
609
531
1811
1689
881
1640
1825
1899
412
1052
404
1564
1294
1487
1282
473
354
153
394
1895
267
450
435
18
1564
536
909
155
1212
1417
1767
4
1188
360
620
933
1286
949
1188
1640
653
1913
536
32
1207
1941
692
149
496
669
825
1883
1503
1415
951
275
1646
753
964
629
515
1767
314
713
811
1335
99
125
1664
37
940
998
198
1077
811
1299
25
470
528
1631
963
1966
864
1613
773
1519
1917
36
1522
1779
0
3
1
1529
0
1542
1990
1900
1183
1288
587
75
1675
703
414
603
1510
659
320
828
1313
244
630
1638
629
66
251
1384
280
1998
1767
1864
415
822
496
668
1298
620
1030
928
1429
906
604
1218
749
1950
585
1227
1044
1794
794
1172
802
1165
1379
1339
753
1347
1418
1433
1163
1490
664
454
1767
1864
177
206
818
199
1335
1144
737
696
242
289
1853
1771
394
496
1213
33
35
1773
1649
979
688
1418
994
1303
1966
1244
525
1377
1119
885
546
536
32
337
1564
772
1906
688
1418
994
1644
1662
1235
527
869
1339
1902
1832
357
1615
1463
1663
1080
1674
1833
1190
919
148
430
892
1790
1523
1101
1565
44
1207
1941
692
155
1831
78
1447
515
1232
519
1030
647
1398
48
1564
1383
1079
943
1805
1864
358
259
344
214
573
1177
1210
1655
669
1929
906
548
100
643
730
1244
202
1287
583
242
289
1064
1381
1183
1003
21
1954
1729
1191
1198
112
483
984
220
1782
1962
279
1374
684
1773
1812
884
692
453
1339
463
493
1312
604
911
959
116
220
146
1159
829
1183
923
1662
1339
1362
1644
1418
1317
387
23
83
233
1044
998
204
1362
1097
762
1812
1161
285
1323
799
1790
275
965
452
406
491
1934
1399
1675
1798
1576
619
1873
496
973
1813
692
31
746
1360
1514
956
30
25
1065
1171
1716
1199
1923
1068
195
1566
614
1204
1619
773
285
1323
1604
92
573
154
491
604
1911
875
1037
28
984
1033
35
1655
130
1006
1159
1507
28
240
1927
1333
416
473
1443
644
414
544
922
629
392
23
68
615
1482
1642
202
940
1413
1732
1614
1113
1941
692
772
851
1282
454
1230
1379
220
800
1232
949
251
1055
821
1339
1941
692
822
791
204
400
858
247
1440
1025
1012
1448
1123
777
402
242
289
1105
664
1652
1290
1884
266
574
537
944
1084
97
1876
66
394
58
781
313
66
251
21
828
1998
1851
1210
1273
1788
945
1478
889
1230
1617
713
811
777
1852
709
576
1658
1853
618
93
615
1177
1435
1417
577
880
1564
1340
1151
874
1564
473
33
302
1411
1637
497
1332
802
473
1098
1065
1380
743
861
1960
1428
346
1655
1141
1825
1899
525
1898
1298
32
35
923
1135
1518
1610
828
480
1494
811
360
1379
893
1685
841
1140
530
941
1670
811
825
1883
1960
6
1188
370
770
1143
470
664
1675
1909
406
202
1814
557
25
1065
42
1432
23
83
233
1665
56
684
1080
899
829
1183
217
63
1476
1114
242
1767
1045
629
743
19
1293
885
935
1167
1184
424
272
604
313
993
461
1114
1217
453
1747
577
1916
728
33
1233
1374
1586
744
1675
1951
138
116
1202
1390
1189
1767
895
925
6
1188
80
712
1927
470
67
213
944
1508
884
448
130
414
603
809
1432
1991
1805
772
646
430
1329
251
686
202
1183
1358
55
1293
1742
1457
1103
556
1988
576
630
1339
924
496
1548
821
1899
433
35
1015
791
744
254
1572
505
60
861
1105
1340
773
285
1323
584
620
1064
1401
1675
1933
1891
319
1591
1250
35
1725
1415
495
629
749
238
1168
535
771
570
896
3
298
1854
963
56
1225
1223
454
1364
1155
1655
202
981
493
202
940
1411
916
1864
589
1225
1517
646
1252
1071
741
1742
1457
1386
1176
1384
1885
1989
1610
1006
283
130
1986
1770
1624
1097
653
1764
968
1514
664
33
1400
471
566
1419
1889
1114
242
1736
923
811
1195
500
420
984
220
463
211
759
1406
820
1514
1879
1355
1680
1251
1832
664
248
1343
60
1788
1873
1622
99
1818
604
1853
1360
256
753
964
1494
1104
957
885
919
955
450
1374
1586
1157
1556
1604
1132
804
1030
636
1416
247
701
266
653
664
495
1176
21
491
604
1612
1981
811
958
1231
1184
1994
647
1398
846
925
1391
537
41
387
1399
423
1308
1517
913
58
541
1055
1631
1981
451
220
374
19
93
1773
1339
1394
1038
1524
19
164
1720
1484
893
1176
165
256
9
1715
1957
1923
473
343
165
256
496
83
171
1187
1868
1911
1158
1085
1273
1788
906
511
1608
1092
48
1564
1864
1335
99
125
109
1299
527
1793
805
1614
1184
1742
1457
1303
1418
1298
32
496
1679
238
1545
197
1704
437
1391
838
669
1983
626
1705
1556
1965
130
864
1613
1098
1682
811
1843
202
1287
1745
1418
1433
1909
256
1225
1099
838
973
1362
696
1641
556
111
1229
829
1478
604
1632
1713
473
859
940
78
414
592
464
886
1998
798
957
1902
1165
25
1065
213
127
857
1968
343
21
999
1793
1278
221
1507
116
1416
612
1403
576
1526
1655
1738
1418
994
1371
811
1680
576
1443
954
1675
1024
1857
344
1417
579
1695
1853
156
963
604
1904
1099
1432
1895
1069
333
291
577
1339
1941
692
659
762
1127
719
146
430
181
604
1305
838
701
1969
1805
242
1087
1948
1885
984
1287
536
909
67
1219
1631
1889
524
213
1265
1292
604
1511
1876
1895
232
403
503
1655
1353
676
698
233
1675
522
1249
577
794
176
32
911
1998
551
1347
1410
1428
346
1503
1418
682
1862
792
65
298
84
6
251
21
828
738
1494
1169
1662
1841
956
1909
727
1995
1177
899
1526
1960
1517
1311
1811
1675
1582
1559
20
3
367
1695
608
1884
1809
1287
1383
1079
1045
685
1999
216
1188
1156
735
1736
922
629
741
1362
79
1774
1811
728
838
1240
1197
430
1339
1957
1825
1812
585
213
1108
1602
876
437
1520
36
1522
1779
0
3
1
1202
36
1542
132
1622
453
1899
433
632
1087
1626
1250
1694
1487
1282
1113
1957
1414
1794
1545
589
324
1594
957
1490
1715
1825
1235
190
1973
1619
1219
454
1718
310
1507
198
414
1827
1289
1139
1359
1965
1398
1197
1006
979
1742
1309
811
1662
1995
1177
899
1805
557
25
1065
213
628
1773
1339
1825
1235
1442
439
598
1340
1572
1234
1443
954
382
573
678
1873
1269
196
792
1104
537
1241
1176
515
1287
1391
838
1823
1773
1339
1683
727
1995
1177
899
1805
536
909
524
42
298
577
999
577
1977
496
84
6
251
21
828
738
939
1883
1064
177
204
400
1241
1086
1199
1451
112
1805
67
1597
1241
279
1633
213
669
1481
420
164
883
526
298
130
1911
977
186
1489
473
280
25
1065
1171
1973
1316
1323
776
1906
725
1105
1217
1864
1403
1750
1664
650
606
577
430
1897
584
620
322
1151
1680
280
809
63
1655
1622
1770
1624
1485
198
1655
1302
1996
994
1795
764
1979
431
669
1641
1087
1556
600
918
18
3
367
1889
1383
1079
536
701
1812
232
918
18
3
15
1042
232
918
445
1230
627
303
1782
822
496
127
146
828
572
1655
1738
633
1853
1360
527
130
650
285
1323
1627
154
577
979
867
1586
1883
1523
558
1129
893
1506
251
120
1694
1487
1282
473
1099
280
1814
1966
910
102
766
1646
35
1655
1087
1006
1159
715
1433
669
33
1225
886
1681
887
292
375
753
266
828
626
1850
1597
1241
279
310
153
30
1998
1827
1114
1217
451
220
1188
1877
1377
1875
28
684
1260
1333
1882
1998
120
1694
1172
1359
570
25
898
1515
1858
1970
1435
449
950
753
496
1087
1420
343
202
1287
1099
589
1439
759
551
220
804
966
1476
811
536
909
850
968
1998
551
220
1820
893
213
669
1983
95
1545
1004
664
1609
67
1219
1631
1246
75
1675
1353
1386
1359
989
404
80
1698
642
431
231
21
1814
1428
822
753
35
1893
632
993
1065
63
1655
1087
1244
1379
1812
1161
1044
1384
1327
36
251
74
1663
1784
1197
1400
1614
1927
1225
1274
899
1113
1372
1952
1616
1196
1612
460
279
43
251
66
947
696
777
1127
1655
1827
536
909
458
1323
174
3
132
115
749
1024
1889
524
1696
916
633
387
1220
48
1564
1864
1680
576
1443
954
1248
28
1899
1413
1418
553
404
80
893
952
1299
1657
540
1530
1991
1035
1151
1710
106
655
1359
283
1017
923
1132
544
450
1916
571
1772
715
595
692
1999
1943
470
576
1777
1983
1794
540
872
443
1100
1614
1044
1277
979
310
1151
1328
1142
979
725
1809
649
1274
280
809
606
1188
1877
1811
81
1773
1899
869
1339
1372
1952
1165
95
608
405
232
608
1664
933
1548
1871
696
1200
669
1114
223
298
1384
682
1750
875
647
251
111
1696
449
364
81
1655
1353
1297
997
916
536
909
581
1273
83
233
1927
654
828
701
247
1839
1435
1002
1889
524
42
298
686
986
1070
1087
1172
1176
246
1072
1772
1484
148
1342
357
1487
449
1389
685
154
1899
919
1847
58
1351
1853
206
1447
1514
516
1347
855
1003
1860
477
1265
200
1592
1303
1418
1417
1129
500
525
1594
957
463
211
759
1374
1183
1321
633
1001
43
594
549
430
1899
332
1641
23
713
1143
924
1287
822
1225
1843
921
452
235
908
1591
233
1359
1831
486
1219
1298
420
1566
160
1655
1926
962
120
35
770
1630
1339
1683
959
571
1299
794
1349
690
79
906
682
1663
693
1990
1900
593
1378
916
1611
957
1364
1629
717
1630
892
871
1545
1531
1234
1443
954
996
1973
1742
225
343
1614
346
923
1662
893
1862
1339
385
746
558
1052
899
1526
414
289
217
1795
367
69
66
1183
414
1590
770
1630
1899
78
414
695
66
1878
450
669
316
586
1664
1853
619
415
344
248
1801
513
1004
1018
949
1610
1683
727
1995
1177
899
1805
635
1909
291
19
1390
1473
1843
592
28
1592
454
1524
1985
1530
522
1804
649
1245
1399
548
357
1487
449
81
834
1518
251
1333
47
80
102
1564
811
1245
1399
1103
246
1602
956
1353
1927
1364
116
1233
1189
603
809
597
898
402
731
637
1986
811
664
1195
834
431
1333
1440
1030
1094
754
139
1074
105
1691
1448
1720
1318
1899
412
1052
899
364
3
367
1551
220
522
1478
20
3
367
109
108
1230
627
431
1478
431
202
1763
694
530
876
1030
536
909
1864
760
1969
1526
1655
496
1739
1323
97
1237
812
1357
1898
1675
1353
1695
1080
494
620
1904
305
71
1260
1798
1606
28
984
1887
713
451
3
298
291
19
1390
1473
1843
592
28
1592
1570
412
1052
899
1526
1655
1087
650
204
400
240
996
1792
196
240
1197
1545
1748
1298
1697
1318
1235
1751
42
1507
1143
1342
153
1159
1821
1710
632
1087
440
1160
566
1139
629
804
725
366
494
840
1478
1675
522
231
1615
1511
112
267
1092
1937
1240
795
1611
1099
147
1151
71
1763
124
1661
247
540
1519
1917
36
1522
1779
0
3
1
3
135
1542
1042
232
918
838
120
1694
923
811
458
1447
751
504
1213
977
202
491
1085
1273
400
614
777
1127
1064
1803
1675
1875
1360
1998
1237
440
727
1747
935
1287
1611
197
741
1941
692
1748
1641
23
487
1695
1828
563
238
1129
1339
1957
1486
1026
1339
1982
320
1084
1784
1297
926
1422
1861
909
31
1572
1177
1282
838
130
1556
1828
1641
1515
986
659
1416
246
1861
1876
1700
1659
220
1492
964
1216
1623
63
1556
828
717
1777
232
1724
1780
1680
576
1443
954
405
1426
346
409
782
727
965
1494
811
41
1790
1226
1440
1960
772
320
18
1655
1738
630
1899
730
320
1809
1605
1427
1767
1340
298
1669
1667
273
242
289
1837
153
30
921
1796
521
706
1303
1415
81
273
360
120
1011
494
78
1773
893
875
1219
1631
1983
95
1985
1530
62
646
424
1183
627
537
225
1187
524
567
648
79
906
682
1663
1273
1608
944
1084
97
1566
1960
67
777
402
1864
43
630
1439
81
1655
669
928
1723
1861
973
1908
977
661
930
1768
57
746
1415
454
1767
1864
943
33
9
1715
1683
1333
775
536
909
155
1212
1417
1882
111
1675
1189
1767
777
500
1427
669
1114
1317
933
1634
189
1712
1756
1250
467
864
435
1624
1689
161
203
1129
544
864
1235
979
1891
319
629
743
814
1802
228
1814
458
40
81
1773
1339
1941
1901
841
319
746
678
822
220
231
1409
1951
1427
1767
655
453
804
527
1473
1391
945
646
1233
1302
1080
197
1119
1159
750
1640
424
820
503
1773
1339
1891
319
1151
1415
822
266
828
25
155
1216
1942
1606
1606
744
1824
783
1738
630
1793
750
759
646
342
247
130
1784
1408
1201
875
777
402
1531
939
1790
310
45
1077
783
1269
196
148
1610
1615
1244
732
1427
1851
1210
693
963
977
66
1087
1773
1339
1923
1659
1168
522
74
33
1084
812
984
1287
1340
823
251
1213
1448
346
1655
1590
1627
576
1526
923
1803
1824
1662
1339
924
496
1017
240
473
1481
1277
1065
1380
808
431
1933
1982
1742
826
1884
3
1712
984
1942
1889
1864
1938
445
1564
1716
1199
1982
463
493
1312
604
1487
1637
1883
1006
1323
37
251
686
202
1183
923
1135
941
952
1606
619
448
723
770
1177
29
1880
1952
604
693
1210
1809
1634
1775
557
1793
33
1023
906
573
1418
757
1655
1592
1068
277
1843
1277
1159
1821
1057
1909
424
148
406
1323
1612
1967
220
411
346
1030
232
1006
979
1742
1457
69
251
686
202
1183
584
95
392
1899
433
1943
217
60
1296
615
1482
303
1809
247
130
1784
511
1767
1868
1837
1680
1251
1772
1156
1457
746
1300
1289
1141
753
1721
1911
1567
71
25
1040
799
1037
431
1348
1132
1523
453
1399
1937
1956
558
19
599
1156
40
767
1567
1675
1804
183
1712
1697
1664
812
525
1165
1836
709
576
1705
667
375
1742
840
1478
1068
475
1065
213
1669
713
811
458
1379
1649
190
1531
939
1790
310
769
1327
36
251
130
1288
898
1012
1805
737
664
1664
650
758
1067
569
985
1868
1986
811
588
475
775
563
130
1837
1004
1200
1235
1515
1309
841
319
746
678
822
1233
909
1719
1905
1250
424
711
496
1333
1440
926
1422
1216
1942
1864
558
424
1613
233
883
1818
452
1566
815
606
959
664
1123
777
13
1507
678
1675
1024
1340
761
71
1451
527
800
1818
1861
202
1633
1848
537
1084
1006
184
928
1965
306
984
1033
35
1655
496
84
123
33
1129
794
812
1704
1117
1030
242
1087
1006
1159
1664
693
1210
812
1139
629
1558
971
1662
893
1443
581
1773
1339
1623
994
1386
629
211
1070
148
944
1170
1633
452
1237
366
1507
1198
75
1297
1961
1608
858
417
1784
1967
266
885
95
584
352
452
798
451
532
536
979
406
1734
1044
202
1067
1503
1811
1197
1006
979
1982
1742
869
16
251
535
1762
1790
1106
1123
777
580
1017
1878
450
909
357
21
1814
524
501
1411
1494
811
267
1084
1986
451
220
1017
527
1488
1448
1859
454
1849
1188
213
686
208
1796
1640
1760
248
1046
1300
678
1377
1406
1399
682
1821
954
1630
1159
1113
1825
1899
1160
566
1139
629
1912
527
146
1473
431
1699
1507
451
584
352
338
895
1438
692
149
1634
669
985
476
720
644
1447
717
1250
1038
1592
1184
1043
997
838
909
242
289
97
1020
33
400
127
684
217
57
866
530
248
306
1159
346
35
1893
1105
906
1386
916
545
842
1037
361
1198
527
1909
1636
1586
1883
1853
156
772
858
176
1688
1784
1367
1210
1655
535
828
1912
1747
1788
906
629
95
1183
854
1794
1235
527
392
25
1065
1171
1114
1217
524
1517
1160
566
1139
364
81
1773
893
1068
915
1084
1487
1282
254
866
314
1694
1179
464
1689
1695
1463
1663
933
1139
1157
933
211
1618
884
692
1452
99
1040
1612
473
1434
1917
1530
551
1347
595
303
753
226
476
1513
823
1292
1959
1913
1433
1152
19
1897
414
1017
1878
450
551
1400
551
240
509
1794
1942
197
32
1728
344
1417
1293
1683
406
892
731
233
1741
1101
861
1612
991
811
664
44
1545
1983
1249
525
712
1967
442
968
1440
854
695
352
1629
1558
241
574
886
283
430
308
1494
1662
148
247
792
537
1812
630
402
868
1229
56
684
1961
580
231
21
1814
6
251
120
35
1655
551
266
1753
115
1411
213
686
1287
1204
435
165
430
1354
1520
36
1522
1779
0
3
1
3
124
1542
991
1662
1899
1100
909
1058
1336
1500
1566
1063
1937
1851
1210
1948
755
886
827
292
589
1614
996
1973
1623
994
975
353
231
1615
1080
298
1592
1664
632
120
1287
859
1549
83
1004
859
1106
364
755
777
402
1864
201
906
71
1451
30
1011
1130
1416
43
164
1594
486
1831
470
280
1011
1689
151
1742
111
991
811
1846
71
238
798
581
1948
452
1473
343
420
738
1885
398
1591
1004
1200
1339
1372
505
1885
1343
994
1171
242
289
584
620
933
1636
918
147
950
753
1207
165
84
123
33
1129
794
1172
1695
987
567
524
1591
916
581
1961
402
448
1549
522
146
771
1903
1748
1068
277
1790
240
1158
1780
1641
293
1655
1767
957
444
450
1474
1328
1772
1088
648
1567
1675
535
753
220
569
1251
604
422
606
551
266
885
95
584
352
81
1773
1140
71
948
1030
1719
933
211
1962
1675
1933
1473
303
1782
563
527
1909
62
691
1932
99
1763
471
1100
471
1183
693
1210
923
783
1207
424
1749
893
405
33
496
189
132
653
334
1878
80
1333
47
1351
37
653
334
1878
80
1333
47
1351
440
1478
108
1960
965
749
1878
80
1333
14
3
367
1937
291
1605
1427
984
1649
713
811
1770
847
795
1880
1597
609
1827
581
1961
1076
1530
1827
536
909
524
567
939
1713
1103
1106
103
79
248
695
491
1675
1024
1864
777
1852
1641
1225
1861
735
83
233
1507
232
1818
528
589
900
1873
1207
1975
1811
279
275
1489
846
925
1299
470
1772
1695
1080
494
620
1904
458
272
731
589
749
352
1737
1641
23
222
1965
104
908
1165
186
1638
1176
959
1318
1899
398
285
1895
1597
1490
1085
584
353
1610
1615
1840
44
756
984
1168
1309
811
943
1790
308
1664
693
1507
678
1070
1917
1530
1590
584
620
1840
71
857
1494
1169
821
725
106
655
1594
957
1490
1689
1527
759
937
1084
1503
1418
1652
1219
750
685
154
148
1364
865
1781
829
1478
1103
246
629
804
725
1105
1217
1383
1037
1327
1040
422
647
1241
1689
1695
1853
1966
80
148
1875
1191
1770
450
1827
284
1015
1906
1881
1843
16
1729
1482
1844
1408
638
920
360
352
1156
111
846
606
1412
629
804
1965
948
1655
1024
1716
759
1827
458
1793
1494
1169
821
1965
1436
1941
177
1432
979
165
1875
1360
979
1508
1204
836
1063
1594
659
1508
1204
164
795
1892
1594
659
1508
1204
164
883
1040
1773
1339
1825
1812
928
420
836
36
1188
682
33
1052
899
1526
923
1803
1303
1952
285
19
251
21
828
738
452
1697
71
1667
471
935
496
231
935
127
602
871
1545
1731
775
536
909
1340
916
760
622
1415
242
1858
1782
563
979
1065
1660
496
909
659
771
570
775
1983
1628
1812
821
725
106
655
1594
957
1490
1675
83
916
242
620
650
968
762
331
298
935
208
1203
1933
771
570
896
244
1104
1274
916
985
476
1779
106
655
1594
957
1490
802
629
716
1824
1403
759
851
841
544
365
4
1878
1960
197
15
950
1619
637
1986
1104
1099
1927
1614
846
606
1302
933
804
725
366
494
840
1478
1594
530
431
32
1604
60
1793
1247
1015
1906
1362
682
545
1470
1384
1327
1040
1463
557
490
92
1675
1189
215
1694
1349
1384
1641
23
222
1941
1382
1394
1038
1704
527
940
1311
1811
1675
1024
985
476
1779
1612
1303
1952
298
1704
979
491
1999
1986
811
1274
916
1973
1006
112
1448
1821
1567
2000
1885
412
1052
899
1526
923
811
1274
916
1661
202
981
493
352
147
991
811
895
1438
177
213
973
1414
1794
1612
887
1114
1217
1101
1076
1530
1827
536
909
778
963
1085
1840
315
1225
1642
727
1140
71
1998
1265
251
727
1995
1177
899
1526
834
635
1514
1674
1809
1125
1406
869
804
1014
676
1168
747
441
431
575
1065
213
628
1064
1418
1317
97
1237
1080
1664
693
991
28
247
1615
1523
364
859
493
986
524
1407
1784
1297
854
1106
233
1689
1695
1080
494
620
1904
589
1941
1272
1132
667
1567
1689
1352
156
28
944
1431
1031
1380
909
494
913
955
450
1608
240
1675
1189
1926
1853
1576
943
682
33
1052
899
1805
1418
994
1371
1104
1099
1088
1550
1172
685
1035
1151
101
536
1119
1399
1689
151
600
911
120
1287
524
370
834
1300
1770
1139
1097
1225
1517
1988
1199
1965
130
584
1411
1848
28
43
30
25
1065
175
1889
1770
450
1739
1323
318
991
71
1549
1851
1210
440
727
1339
1055
431
378
861
812
353
743
1140
978
1068
1558
921
3
367
69
959
571
1299
102
1351
428
536
1764
1403
449
604
1806
1298
1697
1432
1633
1371
1662
1899
412
1052
899
1526
880
1564
1695
933
1013
1884
1812
821
725
1105
1217
1101
1076
1530
35
1230
923
33
1622
811
1099
280
1814
1135
108
437
6
1610
1615
174
266
1362
1176
1325
123
1203
35
73
402
316
1136
496
496
1916
1485
343
1412
1303
431
669
859
940
21
1414
246
692
1391
838
1909
374
1586
267
1092
949
1188
1433
624
1960
659
1244
202
1356
204
1633
994
977
66
1119
1899
1614
48
1564
305
71
1514
1668
1670
811
523
793
1223
454
1601
885
1440
1655
1353
1644
946
213
1909
858
794
670
491
1707
1983
732
183
1972
35
536
1518
1919
1917
36
1522
1779
0
3
1
91
36
1542
1229
537
893
1068
412
864
1613
45
1960
1843
779
846
916
1999
1273
400
1385
1564
536
988
1171
1973
1206
1675
1024
1074
1230
414
1017
1980
1504
203
163
298
165
993
1065
1689
151
1043
987
968
1998
535
313
66
1994
604
1288
1244
779
1796
1640
1941
692
451
1887
1323
933
570
1390
1820
481
483
885
345
6
1850
963
233
548
1929
696
1864
1099
280
1296
719
756
1970
1471
1033
1738
1811
1085
911
959
1861
32
753
496
1087
1806
1408
346
923
811
765
1344
1229
1098
30
30
1998
603
1510
252
676
125
1689
151
1982
1524
1667
1960
155
1009
273
1098
1065
213
1189
804
275
1335
764
247
1549
1087
1244
1379
1339
385
1880
1680
1407
569
777
527
771
1903
149
1225
1779
1562
1277
531
213
620
1612
664
1147
884
448
940
353
1875
537
540
872
782
522
959
571
1299
1339
753
244
1415
1507
1575
1277
30
1998
551
323
920
233
1675
1024
1973
1333
1323
1961
580
1348
1428
545
404
1960
1246
1980
1957
1975
175
1889
1297
1080
1113
753
3
1507
221
213
165
993
1065
1085
1003
1343
1848
108
1773
1329
496
247
792
537
148
1875
1191
1770
450
1302
1288
1244
420
1998
1767
1864
1289
940
1747
1739
1323
584
808
431
1343
664
838
310
536
527
668
1176
1106
1176
959
92
1689
151
1043
1025
1012
483
1436
725
1420
1662
1667
1960
1114
223
1432
1991
1805
1190
1736
1773
1339
688
1360
1436
1891
878
1071
1309
811
1190
919
1812
1425
684
1612
1297
584
989
571
941
1670
1643
1781
1177
1210
834
303
898
1897
1632
1713
1967
220
1152
1760
315
1233
1189
804
275
1698
431
1767
957
617
1704
979
596
126
871
1545
1661
435
273
1185
92
991
811
1070
1379
1614
1664
1273
146
300
1183
1773
1173
1418
1640
1825
1657
1339
753
1721
1305
537
1339
1333
741
1619
395
1203
1353
1318
1747
1739
1323
1080
1616
576
604
1105
1217
957
1505
319
1689
1352
1710
217
1380
909
957
1753
246
740
1104
528
33
1374
922
1460
1864
537
1241
1151
1026
1814
1999
1373
1177
1210
1768
951
1633
213
953
649
886
885
1440
1961
1742
1363
1403
1199
1982
1244
779
1821
1407
1358
1564
1294
693
171
1644
1910
524
1303
763
1777
1340
1210
1655
1622
1803
1176
515
430
1339
1683
74
33
1084
1080
280
1814
821
272
1958
1154
1287
1369
696
1864
530
495
866
821
1783
863
595
431
202
1467
1512
1339
1982
1451
1050
1165
919
1667
450
1909
1636
1586
1883
1612
728
33
937
627
1811
905
111
1675
1348
1748
977
202
491
991
1169
1811
60
861
1853
1360
527
1736
1655
1353
1695
1911
1966
1305
1004
1113
1825
1339
1987
1068
556
827
884
692
957
594
475
1065
213
658
406
539
1432
319
1327
1694
584
1932
777
402
1004
664
375
1982
999
1549
1108
811
1114
576
1096
923
1662
1339
1923
1176
959
1652
1219
454
1804
649
197
15
950
893
906
1675
1798
1576
619
1873
496
909
1204
246
1497
799
1597
146
1897
1218
877
1297
1996
1877
1811
606
1333
942
1793
1371
811
530
431
1851
26
991
811
1114
576
1096
1773
1140
537
1942
1239
1811
1497
1305
153
1793
750
629
1345
1832
581
933
1017
1220
765
1831
238
470
576
452
1767
1340
298
1163
1793
1871
829
241
756
1760
505
606
1108
811
863
537
1339
1742
1614
1695
1463
1113
1623
994
1371
1169
343
1398
1297
97
30
25
1065
63
1986
1643
251
1180
75
1044
840
1814
242
1087
1463
33
1052
899
1526
923
1770
1624
1319
35
1015
1906
828
1089
1675
1739
539
404
80
1329
1738
1200
1839
957
374
19
1814
530
746
28
402
1889
415
72
1899
289
1853
1177
838
1468
28
240
1675
1189
1610
