4
7
6
15
6
9
6
14
2
7
2
0
6
2
6
1
6
3
6
11
26
7
4
18
26
5
38
31
14
6
17
21
5
25
0
10
48
20
37
6
8
36
33
19
13
6
5
26
4
10
18
25
6
42
22
7
3
26
30
22
68
73
1
57
7
27
5
30
49
51
27
15
71
37
2
13
4
33
8
67
9
88
38
21
43
57
55
53
4
50
5
86
97
73
93
20
32
34
61
22
73
87
2
36
38
8
61
73
82
17
49
74
38
98
32
54
21
19
23
0
71
102
96
104
85
83
3
71
119
102
62
135
110
48
29
13
79
129
33
11
50
4
44
82
15
90
67
82
31
12
103
7
9
156
29
146
54
121
146
6
45
170
74
35
135
132
7
171
17
43
75
78
147
114
106
10
64
182
108
27
38
133
24
89
27
175
19
165
165
87
126
60
190
4
9
24
6
151
86
115
27
187
6
65
87
149
75
48
210
135
196
105
120
122
27
33
82
14
54
149
116
175
144
94
177
208
7
67
31
118
180
66
235
200
182
112
11
111
44
126
110
31
21
134
74
44
4
73
16
29
31
49
167
247
238
67
220
45
55
238
229
28
111
252
174
165
185
190
52
121
21
165
174
52
61
25
268
29
19
16
210
242
72
27
165
21
279
73
44
15
156
224
273
87
262
225
137
143
135
135
177
17
44
43
199
136
318
113
283
142
42
167
79
149
271
250
261
114
310
28
327
299
18
75
126
121
257
291
3
156
187
80
6
287
172
66
265
236
28
27
60
185
99
130
344
191
185
310
88
27
96
265
348
152
74
366
71
156
356
323
36
181
248
242
83
38
248
335
177
31
155
191
258
275
174
1
80
347
287
369
117
61
105
33
258
34
116
25
79
46
212
2
12
36
17
121
160
249
82
154
253
176
230
83
170
372
191
142
48
363
228
174
29
371
120
109
351
68
421
106
162
88
298
136
232
68
105
47
74
56
311
285
251
156
184
273
217
33
100
242
334
341
75
38
394
446
53
438
110
138
156
173
127
333
73
201
403
461
146
5
453
212
212
336
4
326
175
96
438
405
254
227
55
330
267
48
0
77
73
29
281
251
73
411
348
276
391
425
145
123
70
264
260
112
174
19
354
500
400
232
313
215
350
400
297
156
197
473
409
83
168
191
158
17
290
245
112
164
368
365
199
30
263
525
105
482
136
138
40
381
136
281
198
298
45
243
529
174
471
245
350
174
44
258
172
144
21
207
144
294
539
51
325
111
203
236
134
556
524
391
526
262
111
125
530
524
21
520
387
211
213
253
376
247
472
419
114
1
306
73
252
304
242
389
470
53
24
325
270
240
303
250
60
420
602
594
17
586
258
105
410
114
572
377
431
59
276
220
37
442
589
555
464
536
483
73
17
133
397
51
619
17
570
418
502
112
445
537
27
10
347
124
564
599
27
467
31
139
12
3
9
165
609
36
384
641
625
220
198
170
77
215
253
234
67
14
521
215
52
301
569
592
34
421
4
60
87
603
337
87
175
82
503
173
162
175
432
174
681
194
102
640
687
156
58
477
390
458
595
75
19
154
571
649
68
338
117
524
62
379
276
240
517
450
138
416
126
554
588
220
449
74
563
418
457
254
530
105
177
33
12
193
399
552
666
125
436
142
738
686
625
519
587
216
703
246
185
485
417
705
111
381
441
387
75
201
574
291
428
351
73
65
31
707
523
650
74
415
149
487
173
659
338
203
721
395
222
84
435
293
691
543
214
259
98
136
391
568
774
191
13
336
290
285
97
617
509
73
630
216
373
338
207
506
419
797
281
392
231
353
777
163
136
133
726
309
649
480
157
4
217
511
631
66
228
21
549
287
477
133
434
93
690
334
787
518
291
757
232
561
701
679
623
334
827
81
500
289
232
662
193
531
367
839
710
817
549
391
665
770
825
41
680
398
145
76
355
336
136
252
614
191
833
391
686
803
536
723
770
102
621
82
349
743
487
412
546
189
80
881
139
784
338
129
450
408
408
413
497
461
502
303
83
424
111
476
12
487
163
641
587
126
428
54
148
516
411
598
311
891
142
405
13
611
406
365
517
377
590
863
592
594
27
596
66
267
426
600
371
683
172
690
557
607
277
329
360
209
585
803
22
50
2
8
41
677
464
115
917
103
915
48
549
922
941
39
147
379
562
2
576
597
964
768
678
325
271
323
775
330
124
274
246
623
531
35
60
499
287
156
196
963
320
24
854
635
643
477
582
488
363
735
53
0
775
229
54
244
852
548
600
300
392
851
334
977
713
828
821
749
638
573
418
706
338
233
424
516
918
38
93
169
856
846
814
27
367
764
967
36
440
545
531
914
93
77
67
928
567
130
660
60
388
964
817
909
21
45
887
101
633
583
960
776
230
551
307
142
265
873
887
37
243
620
506
551
764
819
191
341
529
1058
1079
233
686
343
380
111
835
360
674
560
988
856
431
863
666
812
150
615
870
618
269
1028
701
402
424
855
378
628
839
516
632
222
869
19
522
268
989
109
436
267
405
638
950
101
329
482
963
101
362
973
966
516
322
808
334
31
45
1047
73
207
540
111
909
1140
290
1040
97
268
460
691
1121
368
902
393
592
439
156
176
1030
998
940
1051
688
276
356
437
828
31
207
434
515
507
979
914
495
716
797
1151
283
619
972
851
385
815
135
1044
931
259
231
842
370
667
738
29
1007
1193
1123
182
581
500
902
1130
195
290
120
982
158
871
765
1210
909
257
222
758
16
1030
634
953
612
955
1107
1124
216
690
593
584
938
705
923
1027
786
343
320
1212
605
27
1031
477
609
679
296
930
253
50
